[ 1.  0.]
[ 1.  0.]
[ 1.  0.]
[ 0.25  0.75]
[ 0.5  0.5]
[ 0.7  0.3]
[ 0.42794624  0.57205376]
[ 0.1  0.9]
[ 0.71357143  0.28642857]
[ 0.54301587  0.45698413]
[ 0.77250389  0.22749611]
[ 0.5  0.5]
[ 0.34833333  0.65166667]
[ 1.  0.]
[ 0.69499809  0.30500191]
[ 0.77250389  0.22749611]
[ 0.90555556  0.09444444]
[ 0.  1.]
[ 0.7  0.3]
[ 0.5  0.5]
[ 0.2  0.8]
[ 0.8  0.2]
[ 0.7  0.3]
[ 0.9  0.1]
[ 0.9  0.1]
[ 0.34404762  0.65595238]
[ 0.3  0.7]
[ 0.  1.]
[ 0.47353175  0.52646825]
[ 0.  1.]
[ 0.15255444  0.84744556]
[ 0.06470588  0.93529412]
[ 0.33993506  0.66006494]
[ 0.1  0.9]
[ 0.9  0.1]
[ 0.4  0.6]
[ 0.11231182  0.88768818]
[ 0.025329  0.974671]
[ 0.5  0.5]
[ 0.  1.]
[ 0.30833333  0.69166667]
[ 0.2  0.8]
[ 0.25833333  0.74166667]
[ 0.42794624  0.57205376]
[ 0.9  0.1]
[ 0.58  0.42]
[ 0.9  0.1]
[ 0.61934343  0.38065657]
[ 0.73922587  0.26077413]
[ 0.33  0.67]
[ 0.89  0.11]
[ 0.2  0.8]
[ 0.7  0.3]
[ 0.2  0.8]
[ 0.475  0.525]
[ 0.  1.]
[ 0.71428571  0.28571429]
[ 0.10677966  0.89322034]
[ 0.61934343  0.38065657]
[ 1.  0.]
[ 0.13333333  0.86666667]
[ 0.6  0.4]
[ 0.14369202  0.85630798]
[ 0.  1.]
[ 0.5  0.5]
[ 0.8  0.2]
[ 0.5  0.5]
[ 0.5  0.5]
[ 0.5  0.5]
[ 0.14166667  0.85833333]
[ 0.7  0.3]
[ 0.  1.]
[ 0.3  0.7]
[ 0.5  0.5]
[ 0.46666667  0.53333333]
[ 0.  1.]
[ 0.3  0.7]
[ 1.  0.]
[ 0.61319986  0.38680014]
[ 0.1  0.9]
[ 0.435  0.565]
[ 0.03686068  0.96313932]
[ 0.8  0.2]
[ 1.  0.]
[ 0.63666667  0.36333333]
[ 1.  0.]
[ 0.9  0.1]
[ 0.9  0.1]
[ 1.  0.]
[ 0.5  0.5]
[ 0.9  0.1]
[ 0.4  0.6]
[ 0.05333333  0.94666667]
[ 1.  0.]
[ 0.  1.]
[ 0.63710818  0.36289182]
[ 0.70648506  0.29351494]
[ 1.  0.]
[ 0.5  0.5]
[ 0.82152821  0.17847179]
[ 0.76333333  0.23666667]
[ 0.  1.]
[ 0.61  0.39]
[ 1.  0.]
[ 0.34833333  0.65166667]
[ 0.63710818  0.36289182]
[ 1.  0.]
[ 0.3  0.7]
[ 0.  1.]
[ 0.7  0.3]
[ 0.31681977  0.68318023]
[ 0.9137931  0.0862069]
[ 1.  0.]
[ 1.  0.]
[ 1.  0.]
[ 0.2  0.8]
[ 0.2  0.8]
[ 0.4  0.6]
[ 0.  1.]
[ 0.  1.]
[ 0.81692905  0.18307095]
[ 0.03686068  0.96313932]
[ 0.  1.]
[ 0.9  0.1]
[ 0.78272582  0.21727418]
[ 0.41869697  0.58130303]
[ 0.43333333  0.56666667]
[ 0.  1.]
[ 0.27666667  0.72333333]
[ 0.  1.]
[ 0.  1.]
[ 0.70083333  0.29916667]
[ 0.8  0.2]
[ 0.7  0.3]
[ 0.42794624  0.57205376]
[ 0.60643939  0.39356061]
[ 0.62881748  0.37118252]
[ 1.  0.]
[ 0.2  0.8]
[ 0.41666667  0.58333333]
[ 0.  1.]
[ 0.7  0.3]
[ 0.775  0.225]
[ 1.  0.]
[ 0.  1.]
[ 0.61319986  0.38680014]
[ 0.34056391  0.65943609]
[ 0.5625  0.4375]
[ 1.  0.]
[ 0.  1.]
[ 0.1  0.9]
[ 1.  0.]
[ 0.38620879  0.61379121]
[ 0.  1.]
[ 1.  0.]
[ 0.8  0.2]
[ 0.61934343  0.38065657]
[ 0.7  0.3]
[ 0.68452381  0.31547619]
[ 0.59199244  0.40800756]
[ 0.5547619  0.4452381]
[ 0.7  0.3]
[ 0.96666667  0.03333333]
[ 0.375  0.625]
[ 0.71816239  0.28183761]
[ 0.1  0.9]
[ 0.8  0.2]
[ 0.625  0.375]
[ 0.  1.]
[ 0.45333333  0.54666667]
[ 0.5  0.5]
[ 0.3  0.7]
[ 0.695  0.305]
[ 0.6  0.4]
[ 0.9  0.1]
[ 0.1  0.9]
[ 0.775  0.225]
[ 0.2  0.8]
[ 0.9  0.1]
[ 0.9  0.1]
[ 0.9  0.1]
[ 0.3  0.7]
[ 0.8375  0.1625]
[ 0.5  0.5]
[ 0.5  0.5]
[ 1.  0.]
[ 0.86666667  0.13333333]
[ 0.735  0.265]
[ 0.3  0.7]
[ 0.43333333  0.56666667]
[ 1.  0.]
[ 0.61874165  0.38125835]
[ 0.7  0.3]
[ 0.9  0.1]
[ 0.6  0.4]
[ 0.3  0.7]
[ 0.8  0.2]
[ 0.225  0.775]
[ 0.1  0.9]
[ 0.09547619  0.90452381]
[ 1.  0.]
[ 0.  1.]
[ 0.4  0.6]
[ 0.5  0.5]
[ 0.3  0.7]
[ 0.2  0.8]
[ 0.61934343  0.38065657]
[ 0.4  0.6]
[ 0.43214286  0.56785714]
[ 0.34056391  0.65943609]
[ 0.1  0.9]
[ 0.5  0.5]
[ 1.  0.]
[ 0.7  0.3]
[ 0.9  0.1]
[ 1.  0.]
[ 0.40833333  0.59166667]
[ 0.1  0.9]
[ 0.75  0.25]
[ 0.83404762  0.16595238]
[ 0.2  0.8]
[ 0.9  0.1]
[ 0.3  0.7]
[ 0.9  0.1]
[ 0.2  0.8]
[ 0.  1.]
[ 0.9  0.1]
[ 0.  1.]
[ 0.7  0.3]
[ 0.77250389  0.22749611]
[ 0.87333333  0.12666667]
[ 0.72777778  0.27222222]
[ 0.35  0.65]
[ 1.  0.]
[ 0.6  0.4]
[ 0.2  0.8]
[ 0.3  0.7]
[ 0.66369048  0.33630952]
[ 0.46360294  0.53639706]
[ 0.9  0.1]
[ 0.  1.]
[ 0.1  0.9]
[ 1.  0.]
[ 0.2  0.8]
[ 0.  1.]
[ 0.8  0.2]
[ 1.  0.]
[ 0.69499809  0.30500191]
[ 0.81969463  0.18030537]
[ 0.5  0.5]
[ 0.3  0.7]
[ 0.8  0.2]
[ 0.69499809  0.30500191]
[ 0.83333333  0.16666667]
[ 1.  0.]
[ 0.  1.]
[ 0.81692905  0.18307095]
[ 1.  0.]
[ 0.9  0.1]
[ 0.9  0.1]
[ 0.74974747  0.25025253]
[ 0.  1.]
[ 0.5  0.5]
[ 0.5  0.5]
[ 0.3  0.7]
[ 0.42794624  0.57205376]
[ 0.75012543  0.24987457]
[ 0.  1.]
[ 0.8  0.2]
[ 1.  0.]
[ 0.1  0.9]
[ 0.5  0.5]
[ 0.67559524  0.32440476]
[ 0.6  0.4]
[ 0.61190954  0.38809046]
[ 0.67333333  0.32666667]
[ 1.  0.]
[ 1.  0.]
[ 0.3  0.7]
[ 0.75  0.25]
[ 0.59557218  0.40442782]
[ 0.8  0.2]
[ 1.  0.]
[ 0.74974747  0.25025253]
[ 0.9  0.1]
[ 0.61319986  0.38680014]
[ 0.75357143  0.24642857]
[ 0.475  0.525]
[ 0.8  0.2]
[ 0.8  0.2]
[ 0.  1.]
[ 1.  0.]
[ 0.76289683  0.23710317]
[ 0.6  0.4]
[ 1.  0.]
[ 0.22192071  0.77807929]
[ 0.  1.]
[ 0.6  0.4]
[ 0.9  0.1]
[ 0.54301587  0.45698413]
[ 0.69499809  0.30500191]
[ 0.75012543  0.24987457]
[ 0.80127592  0.19872408]
[ 0.30833333  0.69166667]
[ 0.5  0.5]
[ 0.55  0.45]
[ 1.  0.]
[ 0.54411765  0.45588235]
[ 0.1  0.9]
[ 0.8375  0.1625]
[ 0.48938312  0.51061688]
[ 0.03686068  0.96313932]
[ 0.66680101  0.33319899]
[ 0.1  0.9]
[ 0.9  0.1]
[ 0.70753887  0.29246113]
[ 0.2  0.8]
[ 0.2  0.8]
[ 0.20833333  0.79166667]
[ 0.57274978  0.42725022]
[ 0.5  0.5]
[ 0.31316017  0.68683983]
[ 0.6  0.4]
[ 0.2  0.8]
[ 0.7  0.3]
[ 0.92585317  0.07414683]
[ 0.8  0.2]
[ 0.  1.]
[ 0.8  0.2]
[ 0.6  0.4]
[ 0.1  0.9]
[ 0.63710818  0.36289182]
[ 0.7  0.3]
[ 0.9  0.1]
[ 0.9  0.1]
[ 1.  0.]
[ 0.6  0.4]
[ 0.5  0.5]
[ 1.  0.]
[ 0.7  0.3]
[ 0.85  0.15]
[ 0.7  0.3]
[ 0.6  0.4]
[ 0.3  0.7]
[ 0.2  0.8]
[ 0.7  0.3]
[ 0.8  0.2]
[ 0.6  0.4]
[ 0.6  0.4]
[ 0.13333333  0.86666667]
[ 0.7  0.3]
[ 0.91052632  0.08947368]
[ 0.  1.]
[ 0.  1.]
[ 0.3  0.7]
[ 1.  0.]
[ 1.  0.]
[ 1.  0.]
[ 1.  0.]
[ 0.32835498  0.67164502]
[ 1.  0.]
[ 0.41666667  0.58333333]
[ 0.2  0.8]
[ 0.58639233  0.41360767]
[ 0.3  0.7]
[ 0.5  0.5]
[ 0.5  0.5]
[ 0.92585317  0.07414683]
[ 1.  0.]
[ 1.  0.]
[ 0.1125  0.8875]
[ 0.54394124  0.45605876]
[ 1.  0.]
[ 0.425  0.575]
[ 0.2  0.8]
[ 0.  1.]
[ 0.68040936  0.31959064]
[ 0.7  0.3]
[ 1.  0.]
[ 0.70648506  0.29351494]
[ 0.4  0.6]
[ 0.6  0.4]
[ 0.30166667  0.69833333]
[ 0.76612724  0.23387276]
[ 1.  0.]
[ 0.85  0.15]
[ 0.  1.]
[ 0.1  0.9]
[ 0.20333333  0.79666667]
[ 0.76612724  0.23387276]
[ 0.2  0.8]
[ 0.08333333  0.91666667]
[ 0.17154792  0.82845208]
[ 0.5  0.5]
[ 0.2  0.8]
[ 0.9  0.1]
[ 0.31681977  0.68318023]
[ 1.  0.]
[ 0.59557218  0.40442782]
[ 1.  0.]
[ 0.89904762  0.10095238]
[ 0.8  0.2]
[ 0.33993506  0.66006494]
[ 0.9  0.1]
[ 0.82152821  0.17847179]
[ 0.  1.]
[ 0.025329  0.974671]
[ 0.9  0.1]
[ 0.9  0.1]
[ 1.  0.]
[ 0.72666667  0.27333333]
[ 0.70648506  0.29351494]
[ 0.66204886  0.33795114]
[ 0.8  0.2]
[ 0.6  0.4]
[ 0.9  0.1]
[ 0.2  0.8]
[ 1.  0.]
[ 0.26333333  0.73666667]
[ 0.1  0.9]
[ 1.  0.]
[ 0.3  0.7]
[ 0.55  0.45]
[ 1.  0.]
[ 0.51380952  0.48619048]
[ 0.61190954  0.38809046]
[ 0.7  0.3]
[ 0.7  0.3]
[ 0.7  0.3]
[ 0.5  0.5]
[ 0.3  0.7]
[ 1.  0.]
[ 0.9  0.1]
[ 0.57274978  0.42725022]
[ 0.9  0.1]
[ 0.  1.]
[ 0.38545455  0.61454545]
[ 0.09118577  0.90881423]
[ 0.46944444  0.53055556]
[ 0.73118114  0.26881886]
[ 0.4  0.6]
[ 0.28047619  0.71952381]
[ 1.  0.]
[ 0.69499809  0.30500191]
[ 1.  0.]
[ 0.  1.]
[ 0.6  0.4]
[ 0.6  0.4]
[ 0.31681977  0.68318023]
[ 0.83459768  0.16540232]
[ 0.4  0.6]
[ 0.12142857  0.87857143]
[ 0.9  0.1]
[ 0.  1.]
[ 0.27666667  0.72333333]
[ 0.68916667  0.31083333]
[ 0.3  0.7]
[ 0.5  0.5]
[ 0.79333333  0.20666667]
[ 0.4  0.6]
[ 0.73118114  0.26881886]
[ 0.42794624  0.57205376]
[ 0.3  0.7]
[ 0.18333333  0.81666667]
[ 0.8  0.2]
[ 0.4  0.6]
[ 1.  0.]
[ 0.46666667  0.53333333]
[ 0.4  0.6]
[ 1.  0.]
[ 1.  0.]
[ 0.35  0.65]
[ 0.59199244  0.40800756]
[ 0.57274978  0.42725022]
[ 0.1  0.9]
[ 0.69499809  0.30500191]
[ 0.8  0.2]
[ 0.2  0.8]
[ 0.5  0.5]
[ 0.2  0.8]
[ 0.1  0.9]
[ 1.  0.]
[ 0.1  0.9]
[ 0.2  0.8]
[ 0.59557218  0.40442782]
[ 0.61319986  0.38680014]
[ 0.9  0.1]
[ 0.66204886  0.33795114]
[ 0.4  0.6]
[ 1.  0.]
[ 0.55  0.45]
[ 0.02709086  0.97290914]
[ 0.9  0.1]
[ 0.4  0.6]
[ 0.12912088  0.87087912]
[ 0.75012543  0.24987457]
[ 1.  0.]
[ 0.1  0.9]
[ 0.31713871  0.68286129]
[ 0.26828755  0.73171245]
[ 0.5  0.5]
[ 0.1  0.9]
[ 0.92585317  0.07414683]
[ 0.43333333  0.56666667]
[ 1.  0.]
[ 0.03277204  0.96722796]
[ 0.1  0.9]
[ 0.8  0.2]
[ 0.  1.]
[ 0.1  0.9]
[ 0.6  0.4]
[ 0.2  0.8]
[ 0.8  0.2]
[ 0.  1.]
[ 0.1  0.9]
[ 0.02825844  0.97174156]
[ 1.  0.]
[ 0.7  0.3]
[ 0.7  0.3]
[ 1.  0.]
[ 0.61319986  0.38680014]
[ 0.54087947  0.45912053]
[ 0.58639233  0.41360767]
[ 1.  0.]
[ 0.8  0.2]
[ 0.33857143  0.66142857]
[ 0.51111111  0.48888889]
[ 0.11536797  0.88463203]
[ 0.1  0.9]
[ 0.31713871  0.68286129]
[ 1.  0.]
[ 0.6  0.4]
[ 0.83571429  0.16428571]
[ 0.59199244  0.40800756]
[ 0.55  0.45]
[ 0.29444444  0.70555556]
[ 0.6  0.4]
[ 0.8  0.2]
[ 0.57274978  0.42725022]
[ 0.35  0.65]
[ 0.9  0.1]
[ 1.  0.]
[ 0.7  0.3]
[ 0.61874165  0.38125835]
[ 1.  0.]
[ 0.3  0.7]
[ 0.6  0.4]
[ 0.1  0.9]
[ 0.35  0.65]
[ 0.82152821  0.17847179]
[ 0.35  0.65]
[ 1.  0.]
[ 1.  0.]
[ 0.2  0.8]
[ 1.  0.]
[ 0.9  0.1]
[ 1.  0.]
[ 0.9  0.1]
[ 1.  0.]
[ 0.64365079  0.35634921]
[ 1.  0.]
[ 0.73333333  0.26666667]
[ 0.6  0.4]
[ 1.  0.]
[ 0.6  0.4]
[ 0.2  0.8]
[ 0.8  0.2]
[ 0.775  0.225]
[ 0.  1.]
[ 0.4  0.6]
[ 0.9  0.1]
[ 0.73333333  0.26666667]
[ 0.31681977  0.68318023]
[ 0.3  0.7]
[ 1.  0.]
[ 0.6  0.4]
[ 0.3  0.7]
[ 0.69285714  0.30714286]
[ 0.31681977  0.68318023]
[ 0.9  0.1]
[ 0.86666667  0.13333333]
[ 0.025329  0.974671]
[ 0.  1.]
[ 0.6  0.4]
[ 0.8  0.2]
[ 0.26666667  0.73333333]
[ 0.83894661  0.16105339]
[ 0.9  0.1]
[ 0.  1.]
[ 0.8  0.2]
[ 0.30833333  0.69166667]
[ 0.9  0.1]
[ 1.  0.]
[ 1.  0.]
[ 0.5  0.5]
[ 0.31681977  0.68318023]
[ 0.2  0.8]
[ 0.8  0.2]
[ 1.  0.]
[ 1.  0.]
[ 0.8  0.2]
[ 0.62  0.38]
[ 0.7  0.3]
[ 1.  0.]
[ 0.1  0.9]
[ 1.  0.]
[ 0.4  0.6]
[ 0.6  0.4]
[ 0.85  0.15]
[ 0.7  0.3]
[ 1.  0.]
[ 0.75012543  0.24987457]
[ 0.81692905  0.18307095]
[ 0.  1.]
[ 0.76666667  0.23333333]
[ 0.6  0.4]
[ 1.  0.]
[ 0.9  0.1]
[ 0.4  0.6]
[ 0.8  0.2]
[ 0.68916667  0.31083333]
[ 0.31681977  0.68318023]
[ 1.  0.]
[ 0.81  0.19]
[ 0.8  0.2]
[ 0.5  0.5]
[ 0.9  0.1]
[ 0.9  0.1]
[ 0.7  0.3]
[ 0.9  0.1]
[ 0.42794624  0.57205376]
[ 0.70648506  0.29351494]
[ 0.6  0.4]
[ 0.1  0.9]
[ 0.7  0.3]
[ 0.31681977  0.68318023]
[ 0.78272582  0.21727418]
[ 1.  0.]
[ 0.35  0.65]
[ 0.31782709  0.68217291]
[ 1.  0.]
[ 0.3  0.7]
[ 0.39375069  0.60624931]
[ 0.3  0.7]
[ 0.11536797  0.88463203]
[ 0.  1.]
[ 1.  0.]
[ 0.2  0.8]
[ 0.  1.]
[ 0.95  0.05]
[ 1.  0.]
[ 0.83333333  0.16666667]
[ 0.66210672  0.33789328]
[ 0.31713871  0.68286129]
[ 0.32912088  0.67087912]
[ 0.3  0.7]
[ 0.1  0.9]
[ 0.35  0.65]
[ 0.  1.]
[ 0.7  0.3]
[ 0.20952381  0.79047619]
[ 0.55  0.45]
[ 0.  1.]
[ 0.92  0.08]
[ 0.9  0.1]
[ 0.2  0.8]
[ 0.3  0.7]
[ 0.8  0.2]
[ 0.73118114  0.26881886]
[ 0.8  0.2]
[ 0.4  0.6]
[ 0.1  0.9]
[ 0.5  0.5]
[ 0.  1.]
[ 0.20952381  0.79047619]
[ 0.9  0.1]
[ 0.66369048  0.33630952]
[ 0.  1.]
[ 1.  0.]
[ 0.2  0.8]
[ 0.4  0.6]
[ 0.7  0.3]
[ 0.12575758  0.87424242]
[ 1.  0.]
[ 0.1  0.9]
[ 0.9  0.1]
[ 0.1  0.9]
[ 0.7  0.3]
[ 0.76289683  0.23710317]
[ 0.5  0.5]
[ 0.7  0.3]
[ 0.9  0.1]
[ 0.26333333  0.73666667]
[ 0.73105721  0.26894279]
[ 0.16666667  0.83333333]
[ 0.7  0.3]
[ 1.  0.]
[ 0.9  0.1]
[ 1.  0.]
[ 1.  0.]
[ 0.9  0.1]
[ 0.475  0.525]
[ 0.6  0.4]
[ 0.4  0.6]
[ 0.3  0.7]
[ 0.4  0.6]
[ 0.6  0.4]
[ 0.33666667  0.66333333]
[ 1.  0.]
[ 0.9  0.1]
[ 1.  0.]
[ 0.9  0.1]
[ 0.1  0.9]
[ 0.40604396  0.59395604]
[ 1.  0.]
[ 0.2  0.8]
[ 0.34333333  0.65666667]
[ 1.  0.]
[ 0.08959255  0.91040745]
[ 0.65002591  0.34997409]
[ 0.3  0.7]
[ 0.9  0.1]
[ 0.5  0.5]
[ 0.83459768  0.16540232]
[ 0.68452381  0.31547619]
[ 0.1  0.9]
[ 0.26070541  0.73929459]
[ 0.9  0.1]
[ 0.6  0.4]
[ 0.1  0.9]
[ 0.1  0.9]
[ 0.42794624  0.57205376]
[ 0.8  0.2]
[ 1.  0.]
[ 0.95  0.05]
[ 1.  0.]
[ 0.34333333  0.65666667]
[ 0.8  0.2]
[ 1.  0.]
[ 0.73118114  0.26881886]
[ 0.96753247  0.03246753]
[ 0.71428571  0.28571429]
[ 0.57333333  0.42666667]
[ 0.2  0.8]
[ 0.32835498  0.67164502]
[ 0.61666667  0.38333333]
[ 0.6  0.4]
[ 0.2  0.8]
[ 0.31713871  0.68286129]
[ 1.  0.]
[ 0.  1.]
[ 0.61873016  0.38126984]
[ 0.8  0.2]
[ 0.8  0.2]
[ 1.  0.]
[ 1.  0.]
[ 0.57274978  0.42725022]
[ 0.0616342  0.9383658]
[ 0.73118114  0.26881886]
[ 1.  0.]
[ 1.  0.]
[ 1.  0.]
[ 1.  0.]
[ 0.9  0.1]
[ 0.2  0.8]
[ 0.06666667  0.93333333]
[ 0.61934343  0.38065657]
[ 0.  1.]
[ 1.  0.]
[ 0.35  0.65]
[ 1.  0.]
[ 0.565  0.435]
[ 0.1  0.9]
[ 0.66204886  0.33795114]
[ 0.9  0.1]
[ 0.5  0.5]
[ 1.  0.]
[ 1.  0.]
[ 0.3  0.7]
[ 0.57274978  0.42725022]
[ 0.9  0.1]
[ 0.2  0.8]
[ 0.  1.]
[ 0.8  0.2]
[ 0.76612724  0.23387276]
[ 1.  0.]
[ 0.26333333  0.73666667]
[ 1.  0.]
[ 0.3  0.7]
[ 0.7  0.3]
[ 0.46944444  0.53055556]
[ 0.13333333  0.86666667]
[ 1.  0.]
[ 0.30166667  0.69833333]
[ 0.59642857  0.40357143]
[ 0.75  0.25]
[ 0.76289683  0.23710317]
[ 0.2  0.8]
[ 1.  0.]
[ 0.42794624  0.57205376]
[ 0.9  0.1]
[ 1.  0.]
[ 0.1  0.9]
[ 0.77394217  0.22605783]
[ 0.7  0.3]
[ 0.4  0.6]
[ 0.34404762  0.65595238]
[ 0.43868631  0.56131369]
[ 1.  0.]
[ 0.04063674  0.95936326]
[ 0.8  0.2]
[ 0.3  0.7]
[ 0.5  0.5]
[ 0.9  0.1]
[ 0.8  0.2]
[ 0.5  0.5]
[ 0.39833333  0.60166667]
[ 0.2  0.8]
[ 0.5  0.5]
[ 0.35  0.65]
[ 0.59557218  0.40442782]
[ 0.69499809  0.30500191]
[ 0.81692905  0.18307095]
[ 0.9  0.1]
[ 1.  0.]
[ 0.  1.]
[ 0.2  0.8]
[ 0.42794624  0.57205376]
[ 0.06470588  0.93529412]
[ 0.58639233  0.41360767]
[ 0.03115661  0.96884339]
[ 0.35  0.65]
[ 0.975  0.025]
[ 0.1  0.9]
[ 0.8  0.2]
[ 0.6  0.4]
[ 0.76833333  0.23166667]
[ 0.2  0.8]
[ 0.61874165  0.38125835]
[ 0.25444444  0.74555556]
[ 0.32  0.68]
[ 0.8  0.2]
[ 0.1  0.9]
[ 0.7  0.3]
[ 0.9  0.1]
[ 0.18333333  0.81666667]
[ 0.14369202  0.85630798]
[ 0.4306628  0.5693372]
[ 0.31713871  0.68286129]
[ 1.  0.]
[ 0.7  0.3]
[ 0.3  0.7]
[ 0.63833333  0.36166667]
[ 0.2  0.8]
[ 0.1  0.9]
[ 0.8  0.2]
[ 1.  0.]
[ 0.4  0.6]
[ 0.26070541  0.73929459]
[ 1.  0.]
[ 1.  0.]
[ 0.9  0.1]
[ 0.41666667  0.58333333]
[ 0.9  0.1]
[ 0.84753178  0.15246822]
[ 0.81692905  0.18307095]
[ 0.  1.]
[ 0.7  0.3]
[ 0.6  0.4]
[ 0.  1.]
[ 0.09118577  0.90881423]
[ 0.4  0.6]
[ 0.6  0.4]
[ 0.9  0.1]
[ 1.  0.]
[ 0.6  0.4]
[ 0.77250389  0.22749611]
[ 1.  0.]
[ 0.1  0.9]
[ 0.57274978  0.42725022]
[ 0.43333333  0.56666667]
[ 0.3  0.7]
[ 0.6  0.4]
[ 0.59557218  0.40442782]
[ 0.7  0.3]
[ 1.  0.]
[ 1.  0.]
[ 0.70753887  0.29246113]
[ 0.32  0.68]
[ 0.  1.]
[ 1.  0.]
[ 0.  1.]
[ 0.8  0.2]
[ 0.6  0.4]
[ 0.61934343  0.38065657]
[ 0.5  0.5]
[ 0.1702859  0.8297141]
[ 0.91  0.09]
[ 0.  1.]
[ 0.3  0.7]
[ 0.68  0.32]
[ 1.  0.]
[ 0.5  0.5]
[ 0.03277204  0.96722796]
[ 0.  1.]
[ 0.  1.]
[ 0.6  0.4]
[ 1.  0.]
[ 0.89  0.11]
[ 0.14369202  0.85630798]
[ 0.62881748  0.37118252]
[ 0.6  0.4]
[ 1.  0.]
[ 0.6  0.4]
[ 0.9  0.1]
[ 0.76612724  0.23387276]
[ 0.5  0.5]
[ 0.2  0.8]
[ 0.1  0.9]
[ 0.6  0.4]
[ 0.9  0.1]
[ 0.54166667  0.45833333]
[ 0.4  0.6]
[ 1.  0.]
[ 1.  0.]
[ 0.3  0.7]
[ 0.08  0.92]
[ 0.1  0.9]
[ 0.57  0.43]
[ 0.2  0.8]
[ 0.8  0.2]
[ 0.9  0.1]
[ 0.3  0.7]
[ 0.2  0.8]
[ 0.73105721  0.26894279]
[ 0.8  0.2]
[ 0.81692905  0.18307095]
[ 0.7  0.3]
[ 0.2  0.8]
[ 1.  0.]
[ 0.5  0.5]
[ 1.  0.]
[ 0.4  0.6]
[ 0.1  0.9]
[ 0.38545455  0.61454545]
[ 0.7  0.3]
[ 0.47063492  0.52936508]
[ 1.  0.]
[ 0.9  0.1]
[ 0.23333333  0.76666667]
[ 0.69499809  0.30500191]
[ 0.7  0.3]
[ 1.  0.]
[ 0.1  0.9]
[ 0.9  0.1]
[ 0.3  0.7]
[ 0.73118114  0.26881886]
[ 0.7  0.3]
[ 0.7  0.3]
[ 0.9  0.1]
[ 0.6  0.4]
[ 0.4452381  0.5547619]
[ 0.2  0.8]
[ 0.8  0.2]
[ 0.57274978  0.42725022]
[ 0.9  0.1]
[ 0.5  0.5]
[ 0.7  0.3]
[ 1.  0.]
[ 0.5  0.5]
[ 0.22192071  0.77807929]
[ 0.5  0.5]
[ 0.  1.]
[ 0.1  0.9]
[ 0.  1.]
[ 0.49833333  0.50166667]
[ 0.37365546  0.62634454]
[ 0.2  0.8]
[ 0.6  0.4]
[ 0.7  0.3]
[ 0.24  0.76]
[ 0.57274978  0.42725022]
[ 0.11231182  0.88768818]
[ 0.95  0.05]
[ 0.05  0.95]
[ 0.57274978  0.42725022]
[ 0.58036636  0.41963364]
[ 0.71816239  0.28183761]
[ 0.  1.]
[ 0.59199244  0.40800756]
[ 0.42794624  0.57205376]
[ 0.8  0.2]
[ 0.71428571  0.28571429]
[ 0.34583333  0.65416667]
[ 0.1  0.9]
[ 0.73  0.27]
[ 0.6  0.4]
[ 0.51581419  0.48418581]
[ 0.2  0.8]
[ 0.92585317  0.07414683]
[ 0.03333333  0.96666667]
[ 0.61190954  0.38809046]
[ 0.2  0.8]
[ 0.70050144  0.29949856]
[ 0.8  0.2]
[ 0.63710818  0.36289182]
[ 0.92585317  0.07414683]
[ 0.8  0.2]
[ 0.17154792  0.82845208]
[ 0.8  0.2]
[ 0.02936007  0.97063993]
[ 0.3  0.7]
[ 1.  0.]
[ 0.65  0.35]
[ 0.2  0.8]
[ 0.5  0.5]
[ 0.4  0.6]
[ 0.03333333  0.96666667]
[ 0.62881748  0.37118252]
[ 0.56666667  0.43333333]
[ 0.42794624  0.57205376]
[ 0.58639233  0.41360767]
[ 1.  0.]
[ 0.70050144  0.29949856]
[ 0.3  0.7]
[ 0.33665474  0.66334526]
[ 0.775  0.225]
[ 0.84607143  0.15392857]
[ 0.95  0.05]
[ 0.7  0.3]
[ 0.09329151  0.90670849]
[ 0.025  0.975]
[ 0.5  0.5]
[ 0.76571429  0.23428571]
[ 0.5042029  0.4957971]
[ 0.2  0.8]
[ 0.225  0.775]
[ 0.12420192  0.87579808]
[ 0.8  0.2]
[ 0.6  0.4]
[ 0.8  0.2]
[ 0.8  0.2]
[ 0.9  0.1]
[ 1.  0.]
[ 0.35  0.65]
[ 0.7  0.3]
[ 0.7  0.3]
[ 0.7  0.3]
[ 0.25  0.75]
[ 0.4  0.6]
[ 0.9  0.1]
[ 0.  1.]
[ 1.  0.]
[ 0.  1.]
[ 0.61934343  0.38065657]
[ 0.44166667  0.55833333]
[ 0.8  0.2]
[ 0.9  0.1]
[ 0.2  0.8]
[ 0.45  0.55]
[ 0.3  0.7]
[ 0.57274978  0.42725022]
[ 0.3  0.7]
[ 0.16666667  0.83333333]
[ 0.7  0.3]
[ 0.12420192  0.87579808]
[ 0.34333333  0.65666667]
[ 0.31681977  0.68318023]
[ 0.33857143  0.66142857]
[ 0.41536797  0.58463203]
[ 0.61190954  0.38809046]
[ 0.6  0.4]
[ 1.  0.]
[ 0.73118114  0.26881886]
[ 1.  0.]
[ 0.9  0.1]
[ 0.3  0.7]
[ 0.3  0.7]
[ 0.58639233  0.41360767]
[ 1.  0.]
[ 1.  0.]
[ 1.  0.]
[ 0.7  0.3]
[ 1.  0.]
[ 0.9  0.1]
[ 0.75  0.25]
[ 1.  0.]
[ 0.71428571  0.28571429]
[ 0.81692905  0.18307095]
[ 0.76305556  0.23694444]
[ 0.9  0.1]
[ 0.25  0.75]
[ 0.7  0.3]
[ 0.75012543  0.24987457]
[ 0.5  0.5]
[ 0.  1.]
[ 0.57274978  0.42725022]
[ 0.73922587  0.26077413]
[ 0.68916667  0.31083333]
[ 0.8  0.2]
[ 0.1  0.9]
[ 0.5  0.5]
[ 0.2  0.8]
[ 0.5  0.5]
[ 0.3  0.7]
[ 0.1  0.9]
[ 0.9  0.1]
[ 0.14369202  0.85630798]
[ 0.17996254  0.82003746]
[ 0.57274978  0.42725022]
[ 0.  1.]
[ 0.5  0.5]
[ 0.35  0.65]
[ 0.42794624  0.57205376]
[ 0.57274978  0.42725022]
[ 0.8  0.2]
[ 0.1  0.9]
[ 1.  0.]
[ 0.69285714  0.30714286]
[ 0.9  0.1]
[ 0.5  0.5]
[ 0.1  0.9]
[ 1.  0.]
[ 0.63710818  0.36289182]
[ 0.7  0.3]
[ 0.93157895  0.06842105]
[ 0.41142857  0.58857143]
[ 0.42794624  0.57205376]
[ 0.5  0.5]
[ 0.7  0.3]
[ 0.78880952  0.21119048]
[ 0.9  0.1]
[ 0.  1.]
[ 0.66210672  0.33789328]
[ 0.1  0.9]
[ 0.5  0.5]
[ 0.3  0.7]
[ 1.  0.]
[ 0.45555556  0.54444444]
[ 0.2  0.8]
[ 0.4115873  0.5884127]
[ 1.  0.]
[ 1.  0.]
[ 0.9  0.1]
[ 0.8  0.2]
[ 0.5  0.5]
[ 0.9  0.1]
[ 0.84976898  0.15023102]
[ 0.70083333  0.29916667]
[ 0.5  0.5]
[ 0.57274978  0.42725022]
[ 0.5  0.5]
[ 0.4  0.6]
[ 0.44333333  0.55666667]
[ 0.6  0.4]
[ 1.  0.]
[ 0.3  0.7]
[ 0.69499809  0.30500191]
[ 0.6  0.4]
[ 0.01404762  0.98595238]
[ 0.  1.]
[ 0.78880952  0.21119048]
[ 0.  1.]
[ 0.1  0.9]
[ 0.63710818  0.36289182]
[ 0.8  0.2]
[ 0.6  0.4]
[ 0.63710818  0.36289182]
[ 0.1  0.9]
[ 1.  0.]
[ 0.1  0.9]
[ 0.9  0.1]
[ 0.9  0.1]
[ 0.46666667  0.53333333]
[ 1.  0.]
[ 1.  0.]
[ 0.7  0.3]
[ 0.6  0.4]
[ 0.2  0.8]
[ 0.21  0.79]
[ 0.8  0.2]
[ 0.35  0.65]
[ 0.8  0.2]
[ 1.  0.]
[ 0.7  0.3]
[ 0.96  0.04]
[ 0.58639233  0.41360767]
[ 1.  0.]
[ 0.9  0.1]
[ 0.66204886  0.33795114]
[ 0.63710818  0.36289182]
[ 0.5  0.5]
[ 0.63142857  0.36857143]
[ 1.  0.]
[ 1.  0.]
[ 0.32835498  0.67164502]
[ 0.5  0.5]
[ 0.1  0.9]
[ 0.2  0.8]
[ 0.3  0.7]
[ 0.8  0.2]
[ 0.25833333  0.74166667]
[ 0.63710818  0.36289182]
[ 1.  0.]
[ 0.3  0.7]
[ 1.  0.]
[ 0.41536797  0.58463203]
[ 0.48938312  0.51061688]
[ 0.73  0.27]
[ 1.  0.]
[ 0.3  0.7]
[ 1.  0.]
[ 0.2  0.8]
[ 0.03333333  0.96666667]
[ 0.57274978  0.42725022]
[ 0.81692905  0.18307095]
[ 0.01023284  0.98976716]
[ 0.3  0.7]
[ 0.26070541  0.73929459]
[ 1.  0.]
[ 0.4  0.6]
[ 0.73922587  0.26077413]
[ 1.  0.]
[ 0.9  0.1]
[ 0.6  0.4]
[ 0.1  0.9]
[ 0.3  0.7]
[ 1.  0.]
[ 0.20952381  0.79047619]
[ 0.52222222  0.47777778]
[ 0.2  0.8]
[ 0.2  0.8]
[ 0.5  0.5]
[ 0.  1.]
[ 0.7  0.3]
[ 0.  1.]
[ 1.  0.]
[ 0.4  0.6]
[ 0.3  0.7]
[ 0.4  0.6]
[ 0.1  0.9]
[ 0.26666667  0.73333333]
[ 1.  0.]
[ 0.4  0.6]
[ 0.775  0.225]
[ 0.37833333  0.62166667]
[ 0.8  0.2]
[ 0.4  0.6]
[ 0.2  0.8]
[ 1.  0.]
[ 0.1  0.9]
[ 0.  1.]
[ 0.3  0.7]
[ 0.8  0.2]
[ 0.61319986  0.38680014]
[ 0.62991228  0.37008772]
[ 1.  0.]
[ 0.7  0.3]
[ 1.  0.]
[ 0.2  0.8]
[ 0.4  0.6]
[ 0.5  0.5]
[ 0.9  0.1]
[ 0.4  0.6]
[ 0.6  0.4]
[ 1.  0.]
[ 0.2  0.8]
[ 0.3  0.7]
[ 0.57274978  0.42725022]
[ 0.8  0.2]
[ 0.8  0.2]
[ 0.1  0.9]
[ 0.64365079  0.35634921]
[ 1.  0.]
[ 0.475  0.525]
[ 0.03333333  0.96666667]
[ 1.  0.]
[ 0.6  0.4]
[ 0.09509012  0.90490988]
[ 0.8  0.2]
[ 1.  0.]
[ 1.  0.]
[ 0.6  0.4]
[ 0.1  0.9]
[ 0.2  0.8]
[ 0.31681977  0.68318023]
[ 0.  1.]
[ 0.3  0.7]
[ 0.61190954  0.38809046]
[ 0.84753178  0.15246822]
[ 0.05  0.95]
[ 0.7  0.3]
[ 0.9  0.1]
[ 0.6  0.4]
[ 1.  0.]
[ 0.4  0.6]
[ 0.5  0.5]
[ 0.  1.]
[ 0.3  0.7]
[ 0.2  0.8]
[ 0.  1.]
[ 0.98571429  0.01428571]
[ 0.55  0.45]
[ 0.42794624  0.57205376]
[ 1.  0.]
[ 1.  0.]
[ 0.56410256  0.43589744]
[ 0.03686068  0.96313932]
[ 0.3  0.7]
[ 0.31713871  0.68286129]
[ 0.61934343  0.38065657]
[ 0.66210672  0.33789328]
[ 0.8  0.2]
[ 0.82152821  0.17847179]
[ 0.  1.]
[ 1.  0.]
[ 1.  0.]
[ 0.42794624  0.57205376]
[ 0.61319986  0.38680014]
[ 0.92585317  0.07414683]
[ 0.7  0.3]
[ 0.5  0.5]
[ 0.9  0.1]
[ 0.51581419  0.48418581]
[ 0.58639233  0.41360767]
[ 0.73118114  0.26881886]
[ 0.9  0.1]
[ 0.3  0.7]
[ 0.81692905  0.18307095]
[ 0.1702859  0.8297141]
[ 0.46666667  0.53333333]
[ 0.  1.]
[ 1.  0.]
[ 0.4  0.6]
[ 0.1  0.9]
[ 0.72666667  0.27333333]
[ 0.27666667  0.72333333]
[ 0.7  0.3]
[ 0.61319986  0.38680014]
[ 0.1  0.9]
[ 0.6  0.4]
[ 0.28333333  0.71666667]
[ 0.11536797  0.88463203]
[ 0.  1.]
[ 0.9  0.1]
[ 0.8  0.2]
[ 0.  1.]
[ 0.4  0.6]
[ 0.9  0.1]
[ 0.49333333  0.50666667]
[ 0.75012543  0.24987457]
[ 0.5  0.5]
[ 0.76612724  0.23387276]
[ 0.69499809  0.30500191]
[ 0.7  0.3]
[ 0.24  0.76]
[ 0.  1.]
[ 0.61319986  0.38680014]
[ 0.66833333  0.33166667]
[ 0.68916667  0.31083333]
[ 1.  0.]
[ 1.  0.]
[ 1.  0.]
[ 0.5  0.5]
[ 0.  1.]
[ 0.3  0.7]
[ 1.  0.]
[ 1.  0.]
[ 0.  1.]
[ 0.6  0.4]
[ 0.33333333  0.66666667]
[ 0.66369048  0.33630952]
[ 0.  1.]
[ 0.1  0.9]
[ 0.75  0.25]
[ 0.3  0.7]
[ 0.775  0.225]
[ 1.  0.]
[ 0.3  0.7]
[ 1.  0.]
[ 1.  0.]
[ 1.  0.]
[ 0.63710818  0.36289182]
[ 0.  1.]
[ 0.2  0.8]
[ 1.  0.]
[ 0.66369048  0.33630952]
[ 0.2  0.8]
[ 0.69499809  0.30500191]
[ 0.1  0.9]
[ 0.3  0.7]
[ 0.  1.]
[ 1.  0.]
[ 0.025329  0.974671]
[ 1.  0.]
[ 0.9  0.1]
[ 0.47083333  0.52916667]
[ 0.  1.]
[ 0.5  0.5]
[ 1.  0.]
[ 0.6  0.4]
[ 0.4  0.6]
[ 1.  0.]
[ 0.6  0.4]
[ 0.6  0.4]
[ 0.3  0.7]
[ 0.4  0.6]
[ 0.9  0.1]
[ 0.2  0.8]
[ 0.06  0.94]
[ 1.  0.]
[ 0.28333333  0.71666667]
[ 0.6  0.4]
[ 0.7  0.3]
[ 1.  0.]
[ 0.15444444  0.84555556]
[ 0.3  0.7]
[ 0.12912088  0.87087912]
[ 0.56410256  0.43589744]
[ 0.  1.]
[ 0.31681977  0.68318023]
[ 0.62881748  0.37118252]
[ 0.65  0.35]
[ 0.48938312  0.51061688]
[ 0.9  0.1]
[ 0.  1.]
[ 0.7  0.3]
[ 0.62881748  0.37118252]
[ 0.61190954  0.38809046]
[ 1.  0.]
[ 0.42794624  0.57205376]
[ 1.  0.]
[ 0.9  0.1]
[ 0.62991228  0.37008772]
[ 0.9  0.1]
[ 0.  1.]
[ 0.0725  0.9275]
[ 0.31681977  0.68318023]
[ 0.6  0.4]
[ 1.  0.]
[ 0.6  0.4]
[ 0.3  0.7]
[ 0.4  0.6]
[ 0.73118114  0.26881886]
[ 0.74642857  0.25357143]
[ 0.7  0.3]
[ 0.71666667  0.28333333]
[ 0.56666667  0.43333333]
[ 1.  0.]
[ 0.66210672  0.33789328]
[ 0.6  0.4]
[ 0.3  0.7]
[ 0.  1.]
[ 0.51581419  0.48418581]
[ 0.15722222  0.84277778]
[ 1.  0.]
[ 0.39  0.61]
[ 0.4  0.6]
[ 0.6  0.4]
[ 0.  1.]
[ 0.73922587  0.26077413]
[ 0.9  0.1]
[ 0.8  0.2]
[ 0.1  0.9]
[ 0.69499809  0.30500191]
[ 0.18333333  0.81666667]
[ 1.  0.]
[ 0.6  0.4]
[ 0.2  0.8]
[ 0.6  0.4]
[ 0.27890142  0.72109858]
[ 0.70458874  0.29541126]
[ 0.71713941  0.28286059]
[ 1.  0.]
[ 1.  0.]
[ 0.2  0.8]
[ 0.7  0.3]
[ 0.  1.]
[ 0.  1.]
[ 0.31195286  0.68804714]
[ 0.5042029  0.4957971]
[ 0.  1.]
[ 1.  0.]
[ 0.59199244  0.40800756]
[ 1.  0.]
[ 1.  0.]
[ 0.9  0.1]
[ 0.96  0.04]
[ 0.84753178  0.15246822]
[ 0.64365079  0.35634921]
[ 0.76289683  0.23710317]
[ 0.64365079  0.35634921]
[ 0.2  0.8]
[ 0.  1.]
[ 0.7  0.3]
[ 0.95  0.05]
[ 1.  0.]
[ 0.65  0.35]
[ 0.56  0.44]
[ 0.66  0.34]
[ 0.7  0.3]
[ 0.2  0.8]
[ 1.  0.]
[ 0.7  0.3]
[ 0.2  0.8]
[ 0.82789558  0.17210442]
[ 0.7  0.3]
[ 0.17154792  0.82845208]
[ 0.33333333  0.66666667]
[ 0.70753887  0.29246113]
[ 0.1  0.9]
[ 0.3  0.7]
[ 0.03686068  0.96313932]
[ 0.39  0.61]
[ 0.69499809  0.30500191]
[ 0.42794624  0.57205376]
[ 0.  1.]
[ 0.8  0.2]
[ 0.35  0.65]
[ 0.6  0.4]
[ 1.  0.]
[ 1.  0.]
[ 0.69499809  0.30500191]
[ 0.59557218  0.40442782]
[ 0.9  0.1]
[ 0.48093434  0.51906566]
[ 0.66240079  0.33759921]
[ 0.49  0.51]
[ 0.5  0.5]
[ 0.66240079  0.33759921]
[ 0.7  0.3]
[ 0.73  0.27]
[ 0.6  0.4]
[ 0.28333333  0.71666667]
[ 0.08302309  0.91697691]
[ 0.4  0.6]
[ 0.4  0.6]
[ 1.  0.]
[ 0.98888889  0.01111111]
[ 1.  0.]
[ 0.1  0.9]
[ 1.  0.]
[ 0.8  0.2]
[ 0.8  0.2]
[ 0.8  0.2]
[ 0.73105721  0.26894279]
[ 0.  1.]
[ 0.3  0.7]
[ 0.22544118  0.77455882]
[ 0.33333333  0.66666667]
[ 0.5  0.5]
[ 0.92585317  0.07414683]
[ 0.  1.]
[ 0.33665474  0.66334526]
[ 0.40666667  0.59333333]
[ 0.73922587  0.26077413]
[ 0.8  0.2]
[ 0.1  0.9]
[ 0.4  0.6]
[ 0.7  0.3]
[ 0.59642857  0.40357143]
[ 0.4  0.6]
[ 0.88571429  0.11428571]
[ 0.05  0.95]
[ 1.  0.]
[ 0.5  0.5]
[ 0.37142857  0.62857143]
[ 0.39  0.61]
[ 0.44642857  0.55357143]
[ 0.68452381  0.31547619]
[ 1.  0.]
[ 0.3  0.7]
[ 0.23333333  0.76666667]
[ 0.5  0.5]
[ 0.2  0.8]
[ 0.37833333  0.62166667]
[ 0.  1.]
[ 0.61934343  0.38065657]
[ 0.4  0.6]
[ 0.57274978  0.42725022]
[ 0.6  0.4]
[ 0.88  0.12]
[ 0.4  0.6]
[ 0.2  0.8]
[ 0.70648506  0.29351494]
[ 0.425  0.575]
[ 1.  0.]
[ 0.7  0.3]
[ 0.58642857  0.41357143]
[ 1.  0.]
[ 0.8  0.2]
[ 0.24  0.76]
[ 0.2  0.8]
[ 1.  0.]
[ 0.27890142  0.72109858]
[ 0.15  0.85]
[ 1.  0.]
[ 0.73105721  0.26894279]
[ 0.  1.]
[ 0.  1.]
[ 0.31713871  0.68286129]
[ 0.12420192  0.87579808]
[ 0.  1.]
[ 0.47833333  0.52166667]
[ 1.  0.]
[ 0.58639233  0.41360767]
[ 0.4  0.6]
[ 0.5  0.5]
[ 0.1  0.9]
[ 0.2  0.8]
[ 0.04063674  0.95936326]
[ 0.75  0.25]
[ 0.6  0.4]
[ 0.5  0.5]
[ 0.3  0.7]
[ 0.4  0.6]
[ 0.71357143  0.28642857]
[ 0.8  0.2]
[ 0.3  0.7]
[ 1.  0.]
[ 0.4  0.6]
[ 0.41666667  0.58333333]
[ 0.1  0.9]
[ 0.7  0.3]
[ 0.9  0.1]
[ 0.42  0.58]
[ 0.77394217  0.22605783]
[ 0.5  0.5]
[ 0.9  0.1]
[ 0.75012543  0.24987457]
[ 1.  0.]
[ 0.4  0.6]
[ 0.42794624  0.57205376]
[ 0.8  0.2]
[ 0.2  0.8]
[ 0.7  0.3]
[ 0.26666667  0.73333333]
[ 0.6  0.4]
[ 0.  1.]
[ 0.8  0.2]
[ 0.9  0.1]
[ 0.70753887  0.29246113]
[ 1.  0.]
[ 0.2  0.8]
[ 0.7  0.3]
[ 1.  0.]
[ 0.54087947  0.45912053]
[ 0.1  0.9]
[ 0.9  0.1]
[ 0.73333333  0.26666667]
[ 0.68452381  0.31547619]
[ 0.6  0.4]
[ 0.5  0.5]
[ 1.  0.]
[ 0.21  0.79]
[ 0.5  0.5]
[ 0.42794624  0.57205376]
[ 0.85238095  0.14761905]
[ 0.1  0.9]
[ 0.3  0.7]
[ 0.8  0.2]
[ 0.63710818  0.36289182]
[ 0.76612724  0.23387276]
[ 0.5  0.5]
[ 0.8  0.2]
[ 0.76562771  0.23437229]
[ 0.02936007  0.97063993]
[ 0.8  0.2]
[ 0.4  0.6]
[ 0.05  0.95]
[ 0.7  0.3]
[ 0.9  0.1]
[ 1.  0.]
[ 1.  0.]
[ 0.8  0.2]
[ 0.8  0.2]
[ 0.2  0.8]
[ 0.62881748  0.37118252]
[ 0.4  0.6]
[ 0.59199244  0.40800756]
[ 0.03686068  0.96313932]
[ 0.26333333  0.73666667]
[ 0.6  0.4]
[ 0.54087947  0.45912053]
[ 0.21878788  0.78121212]
[ 0.1  0.9]
[ 1.  0.]
[ 0.31782709  0.68217291]
[ 1.  0.]
[ 0.39714286  0.60285714]
[ 0.54087947  0.45912053]
[ 0.9  0.1]
[ 1.  0.]
[ 0.90625  0.09375]
[ 1.  0.]
[ 1.  0.]
[ 1.  0.]
[ 0.03333333  0.96666667]
[ 1.  0.]
[ 1.  0.]
[ 0.34583333  0.65416667]
[ 0.85  0.15]
[ 0.1  0.9]
[ 0.31681977  0.68318023]
[ 0.34333333  0.65666667]
[ 1.  0.]
[ 0.25006407  0.74993593]
[ 0.05454545  0.94545455]
[ 0.01404762  0.98595238]
[ 0.9  0.1]
[ 0.03277204  0.96722796]
[ 0.77394217  0.22605783]
[ 0.3  0.7]
[ 0.89904762  0.10095238]
[ 0.54301587  0.45698413]
[ 0.62881748  0.37118252]
[ 1.  0.]
[ 0.  1.]
[ 0.7  0.3]
[ 0.70648506  0.29351494]
[ 0.03333333  0.96666667]
[ 0.84607143  0.15392857]
[ 0.73922587  0.26077413]
[ 0.37  0.63]
[ 1.  0.]
[ 1.  0.]
[ 0.  1.]
[ 0.09166667  0.90833333]
[ 0.7  0.3]
[ 1.  0.]
[ 0.51666667  0.48333333]
[ 0.5  0.5]
[ 1.  0.]
[ 1.  0.]
[ 1.  0.]
[ 0.1  0.9]
[ 0.52041061  0.47958939]
[ 1.  0.]
[ 0.63710818  0.36289182]
[ 0.63710818  0.36289182]
[ 1.  0.]
[ 1.  0.]
[ 0.3  0.7]
[ 0.83459768  0.16540232]
[ 0.9  0.1]
[ 0.42794624  0.57205376]
[ 0.31713871  0.68286129]
[ 0.8  0.2]
[ 0.9  0.1]
[ 0.5  0.5]
[ 1.  0.]
[ 1.  0.]
[ 1.  0.]
[ 1.  0.]
[ 1.  0.]
[ 0.74761905  0.25238095]
[ 1.  0.]
[ 1.  0.]
[ 1.  0.]
[ 0.76612724  0.23387276]
[ 0.2  0.8]
[ 0.0725  0.9275]
[ 1.  0.]
[ 0.62881748  0.37118252]
[ 0.73105721  0.26894279]
[ 0.57274978  0.42725022]
[ 0.47063492  0.52936508]
[ 0.85  0.15]
[ 1.  0.]
[ 1.  0.]
[ 0.9  0.1]
[ 0.93333333  0.06666667]
[ 0.1  0.9]
[ 0.66210672  0.33789328]
[ 0.92585317  0.07414683]
[ 0.8  0.2]
[ 1.  0.]
[ 0.9  0.1]
[ 1.  0.]
[ 0.69499809  0.30500191]
[ 0.8  0.2]
[ 0.8  0.2]
[ 0.26070541  0.73929459]
[ 0.  1.]
[ 0.05  0.95]
[ 0.58036636  0.41963364]
[ 0.63710818  0.36289182]
[ 0.  1.]
[ 0.735  0.265]
[ 0.1  0.9]
[ 1.  0.]
[ 0.7  0.3]
[ 1.  0.]
[ 1.  0.]
[ 0.48093434  0.51906566]
[ 0.23333333  0.76666667]
[ 0.12420192  0.87579808]
[ 0.70458874  0.29541126]
[ 1.  0.]
[ 1.  0.]
[ 0.3  0.7]
[ 0.  1.]
[ 0.85  0.15]
[ 0.38545455  0.61454545]
[ 0.70083333  0.29916667]
[ 0.65  0.35]
[ 0.62881748  0.37118252]
[ 0.10098485  0.89901515]
[ 0.6  0.4]
[ 0.5  0.5]
[ 0.76666667  0.23333333]
[ 0.3  0.7]
[ 0.5  0.5]
[ 0.4  0.6]
[ 0.30166667  0.69833333]
[ 0.73922587  0.26077413]
[ 0.6  0.4]
[ 0.9  0.1]
[ 0.4  0.6]
[ 0.6  0.4]
[ 1.  0.]
[ 0.6  0.4]
[ 0.4  0.6]
[ 0.7  0.3]
[ 0.95  0.05]
[ 0.5  0.5]
[ 0.7  0.3]
[ 0.33333333  0.66666667]
[ 1.  0.]
[ 0.1  0.9]
[ 0.9  0.1]
[ 0.76612724  0.23387276]
[ 0.8  0.2]
[ 1.  0.]
[ 1.  0.]
[ 0.6  0.4]
[ 0.31681977  0.68318023]
[ 0.9  0.1]
[ 0.2  0.8]
[ 0.47063492  0.52936508]
[ 0.40833333  0.59166667]
[ 0.8  0.2]
[ 0.66680101  0.33319899]
[ 0.2  0.8]
[ 1.  0.]
[ 0.8  0.2]
[ 1.  0.]
[ 0.  1.]
[ 0.1  0.9]
[ 0.5  0.5]
[ 1.  0.]
[ 0.8  0.2]
[ 0.92585317  0.07414683]
[ 0.6  0.4]
[ 1.  0.]
[ 0.7  0.3]
[ 0.12420192  0.87579808]
[ 0.14369202  0.85630798]
[ 1.  0.]
[ 1.  0.]
[ 1.  0.]
[ 0.4  0.6]
[ 0.9  0.1]
[ 0.8  0.2]
[ 0.47353175  0.52646825]
[ 0.8  0.2]
[ 0.3  0.7]
[ 0.8  0.2]
[ 0.1  0.9]
[ 0.70753887  0.29246113]
[ 0.4  0.6]
[ 0.  1.]
[ 0.79404762  0.20595238]
[ 1.  0.]
[ 0.1  0.9]
[ 0.1  0.9]
[ 0.26070541  0.73929459]
[ 1.  0.]
[ 0.82152821  0.17847179]
[ 0.7  0.3]
[ 0.12420192  0.87579808]
[ 0.08597454  0.91402546]
[ 0.12380952  0.87619048]
[ 0.8  0.2]
[ 0.76289683  0.23710317]
[ 0.4  0.6]
[ 0.23333333  0.76666667]
[ 0.56  0.44]
[ 0.3  0.7]
[ 0.3  0.7]
[ 0.3  0.7]
[ 0.31782709  0.68217291]
[ 0.9  0.1]
[ 1.  0.]
[ 0.5  0.5]
[ 1.  0.]
[ 1.  0.]
[ 1.  0.]
[ 0.  1.]
[ 0.03333333  0.96666667]
[ 0.4  0.6]
[ 0.54087947  0.45912053]
[ 0.9  0.1]
[ 1.  0.]
[ 1.  0.]
[ 0.29166667  0.70833333]
[ 1.  0.]
[ 0.35  0.65]
[ 0.7  0.3]
[ 0.8  0.2]
[ 0.75  0.25]
[ 0.925  0.075]
[ 0.  1.]
[ 0.68452381  0.31547619]
[ 0.42320957  0.57679043]
[ 0.28333333  0.71666667]
[ 0.76305556  0.23694444]
[ 0.3  0.7]
[ 0.9  0.1]
[ 1.  0.]
[ 0.66240079  0.33759921]
[ 0.3  0.7]
[ 0.31681977  0.68318023]
[ 0.9  0.1]
[ 0.6  0.4]
[ 0.  1.]
[ 0.1827381  0.8172619]
[ 0.98888889  0.01111111]
[ 0.7  0.3]
[ 0.8  0.2]
[ 0.  1.]
[ 0.2  0.8]
[ 0.7  0.3]
[ 0.7  0.3]
[ 0.5  0.5]
[ 0.5  0.5]
[ 0.6  0.4]
[ 0.84753178  0.15246822]
[ 0.7  0.3]
[ 0.9  0.1]
[ 0.8  0.2]
[ 0.5  0.5]
[ 0.7  0.3]
[ 0.1  0.9]
[ 0.59557218  0.40442782]
[ 0.69499809  0.30500191]
[ 0.025329  0.974671]
[ 0.9  0.1]
[ 0.6  0.4]
[ 0.9  0.1]
[ 0.75  0.25]
[ 1.  0.]
[ 0.38333333  0.61666667]
[ 0.42794624  0.57205376]
[ 0.9  0.1]
[ 0.325  0.675]
[ 0.9  0.1]
[ 0.375  0.625]
[ 1.  0.]
[ 0.2  0.8]
[ 0.  1.]
[ 0.92  0.08]
[ 0.7  0.3]
[ 0.7  0.3]
[ 0.55  0.45]
[ 0.26070541  0.73929459]
[ 0.8  0.2]
[ 1.  0.]
[ 1.  0.]
[ 0.9  0.1]
[ 0.33  0.67]
[ 0.75  0.25]
[ 0.11536797  0.88463203]
[ 0.9  0.1]
[ 1.  0.]
[ 0.  1.]
[ 0.2  0.8]
[ 0.6  0.4]
[ 0.4  0.6]
[ 0.26070541  0.73929459]
[ 0.94285714  0.05714286]
[ 1.  0.]
[ 0.  1.]
[ 0.62881748  0.37118252]
[ 0.8  0.2]
[ 0.  1.]
[ 1.  0.]
[ 0.9  0.1]
[ 0.51581419  0.48418581]
[ 0.66204886  0.33795114]
[ 0.8  0.2]
[ 1.  0.]
[ 0.8  0.2]
[ 0.3  0.7]
[ 0.38333333  0.61666667]
[ 0.12420192  0.87579808]
[ 0.  1.]
[ 0.23333333  0.76666667]
[ 0.2  0.8]
[ 0.9  0.1]
[ 0.105  0.895]
[ 0.2  0.8]
[ 0.  1.]
[ 0.77250389  0.22749611]
[ 0.6  0.4]
[ 1.  0.]
[ 0.31713871  0.68286129]
[ 0.82152821  0.17847179]
[ 0.9  0.1]
[ 0.2  0.8]
[ 0.84607143  0.15392857]
[ 1.  0.]
[ 0.1  0.9]
[ 0.3  0.7]
[ 0.31681977  0.68318023]
[ 0.93098846  0.06901154]
[ 0.2  0.8]
[ 1.  0.]
[ 0.6  0.4]
[ 0.44166667  0.55833333]
[ 0.1702859  0.8297141]
[ 0.6  0.4]
[ 0.29818182  0.70181818]
[ 0.83404762  0.16595238]
[ 0.1  0.9]
[ 0.1  0.9]
[ 0.53333333  0.46666667]
[ 0.  1.]
[ 0.2  0.8]
[ 0.15  0.85]
[ 0.7  0.3]
[ 0.89285714  0.10714286]
[ 0.8  0.2]
[ 0.59557218  0.40442782]
[ 0.20769231  0.79230769]
[ 0.95  0.05]
[ 0.88333333  0.11666667]
[ 0.12420192  0.87579808]
[ 1.  0.]
[ 1.  0.]
[ 0.3  0.7]
[ 0.3  0.7]
[ 1.  0.]
[ 0.51581419  0.48418581]
[ 0.35  0.65]
[ 0.04528302  0.95471698]
[ 0.3  0.7]
[ 1.  0.]
[ 0.4  0.6]
[ 0.8  0.2]
[ 0.3  0.7]
[ 1.  0.]
[ 0.43333333  0.56666667]
[ 0.1  0.9]
[ 0.5  0.5]
[ 0.47063492  0.52936508]
[ 0.33  0.67]
[ 1.  0.]
[ 0.3  0.7]
[ 0.  1.]
[ 0.1  0.9]
[ 1.  0.]
[ 0.5  0.5]
[ 0.0725  0.9275]
[ 0.4  0.6]
[ 0.61319986  0.38680014]
[ 0.8  0.2]
[ 1.  0.]
[ 1.  0.]
[ 0.6  0.4]
[ 0.48938312  0.51061688]
[ 0.7  0.3]
[ 1.  0.]
[ 0.35  0.65]
[ 0.  1.]
[ 0.8  0.2]
[ 0.28  0.72]
[ 0.35  0.65]
[ 0.8  0.2]
[ 0.02936007  0.97063993]
[ 0.49166667  0.50833333]
[ 0.2  0.8]
[ 0.2  0.8]
[ 0.1  0.9]
[ 0.20952381  0.79047619]
[ 0.85238095  0.14761905]
