[19, 3, 0.15789473684210525, 'MATCH\n']
[20, 7, 0.35, 'MISMATCH\n']
[11, 3, 0.2727272727272727, 'MISMATCH\n']
[14, 6, 0.42857142857142855, 'MATCH\n']
[9, 1, 0.1111111111111111, 'MISMATCH\n']
[12, 3, 0.25, 'MATCH\n']
[18, 5, 0.2777777777777778, 'MATCH\n']
[14, 3, 0.21428571428571427, 'MATCH\n']
[18, 6, 0.3333333333333333, 'MATCH\n']
[17, 2, 0.11764705882352941, 'MATCH\n']
[17, 4, 0.23529411764705882, 'MISMATCH\n']
[13, 0, 0.0, 'MISMATCH\n']
[22, 7, 0.3181818181818182, 'MATCH\n']
[23, 8, 0.34782608695652173, 'MATCH\n']
[6, 1, 0.16666666666666666, 'MISMATCH\n']
[19, 4, 0.21052631578947367, 'MATCH\n']
[7, 1, 0.14285714285714285, 'MATCH\n']
[17, 3, 0.17647058823529413, 'MATCH\n']
[24, 5, 0.20833333333333334, 'MATCH\n']
[5, 2, 0.4, 'MISMATCH\n']
[4, 0, 0.0, 'MISMATCH\n']
[12, 2, 0.16666666666666666, 'MATCH\n']
[7, 0, 0.0, 'MISMATCH\n']
[16, 3, 0.1875, 'MATCH\n']
[20, 4, 0.2, 'MATCH\n']
[17, 5, 0.29411764705882354, 'MATCH\n']
[12, 1, 0.08333333333333333, 'MISMATCH\n']
[9, 0, 0.0, 'MISMATCH\n']
[8, 2, 0.25, 'MATCH\n']
[25, 11, 0.44, 'MATCH\n']
[28, 6, 0.21428571428571427, 'MATCH\n']
[8, 0, 0.0, 'MISMATCH\n']
[16, 4, 0.25, 'MATCH\n']
[18, 4, 0.2222222222222222, 'MATCH\n']
[9, 1, 0.1111111111111111, 'MISMATCH\n']
[8, 0, 0.0, 'MISMATCH\n']
[12, 2, 0.16666666666666666, 'MATCH\n']
[17, 3, 0.17647058823529413, 'MATCH\n']
[20, 7, 0.35, 'MATCH\n']
[23, 10, 0.43478260869565216, 'MATCH\n']
[9, 3, 0.3333333333333333, 'MATCH\n']
[10, 5, 0.5, 'MATCH\n']
[8, 3, 0.375, 'MISMATCH\n']
[6, 2, 0.3333333333333333, 'MATCH\n']
[18, 5, 0.2777777777777778, 'MATCH\n']
[22, 7, 0.3181818181818182, 'MATCH\n']
[6, 1, 0.16666666666666666, 'MISMATCH\n']
[11, 1, 0.09090909090909091, 'MATCH\n']
[13, 3, 0.23076923076923078, 'MISMATCH\n']
[21, 10, 0.47619047619047616, 'MATCH\n']
[8, 1, 0.125, 'MISMATCH\n']
[16, 6, 0.375, 'MATCH\n']
[15, 6, 0.4, 'MATCH\n']
[11, 3, 0.2727272727272727, 'MISMATCH\n']
[17, 5, 0.29411764705882354, 'MISMATCH\n']
[12, 5, 0.4166666666666667, 'MATCH\n']
[20, 4, 0.2, 'MATCH\n']
[5, 1, 0.2, 'MISMATCH\n']
[18, 3, 0.16666666666666666, 'MATCH\n']
[13, 8, 0.6153846153846154, 'MATCH\n']
[22, 5, 0.22727272727272727, 'MATCH\n']
[26, 11, 0.4230769230769231, 'MATCH\n']
[12, 0, 0.0, 'MISMATCH\n']
[11, 4, 0.36363636363636365, 'MATCH\n']
[11, 2, 0.18181818181818182, 'MATCH\n']
[10, 3, 0.3, 'MATCH\n']
[12, 0, 0.0, 'MATCH\n']
[17, 6, 0.35294117647058826, 'MATCH\n']
[10, 4, 0.4, 'MATCH\n']
[20, 6, 0.3, 'MATCH\n']
[22, 7, 0.3181818181818182, 'MATCH\n']
[19, 8, 0.42105263157894735, 'MATCH\n']
[10, 3, 0.3, 'MISMATCH\n']
[14, 4, 0.2857142857142857, 'MATCH\n']
[5, 1, 0.2, 'MISMATCH\n']
[19, 4, 0.21052631578947367, 'MATCH\n']
[20, 4, 0.2, 'MISMATCH\n']
[18, 6, 0.3333333333333333, 'MATCH\n']
[14, 3, 0.21428571428571427, 'MATCH\n']
[12, 0, 0.0, 'MATCH\n']
[10, 1, 0.1, 'MATCH\n']
[10, 4, 0.4, 'MATCH\n']
[21, 6, 0.2857142857142857, 'MISMATCH\n']
[12, 2, 0.16666666666666666, 'MATCH\n']
[15, 2, 0.13333333333333333, 'MATCH\n']
[8, 1, 0.125, 'MISMATCH\n']
[18, 6, 0.3333333333333333, 'MATCH\n']
[4, 0, 0.0, 'MISMATCH\n']
[12, 2, 0.16666666666666666, 'MATCH\n']
[14, 4, 0.2857142857142857, 'MISMATCH\n']
[16, 2, 0.125, 'MISMATCH\n']
[16, 4, 0.25, 'MATCH\n']
[21, 4, 0.19047619047619047, 'MISMATCH\n']
[4, 2, 0.5, 'MISMATCH\n']
[13, 2, 0.15384615384615385, 'MATCH\n']
[21, 9, 0.42857142857142855, 'MATCH\n']
[7, 4, 0.5714285714285714, 'MISMATCH\n']
[15, 3, 0.2, 'MATCH\n']
[19, 11, 0.5789473684210527, 'MATCH\n']
[9, 3, 0.3333333333333333, 'MATCH\n']
[15, 4, 0.26666666666666666, 'MATCH\n']
[19, 5, 0.2631578947368421, 'MATCH\n']
[9, 2, 0.2222222222222222, 'MATCH\n']
[22, 6, 0.2727272727272727, 'MATCH\n']
[6, 1, 0.16666666666666666, 'MISMATCH\n']
[12, 3, 0.25, 'MISMATCH\n']
[13, 2, 0.15384615384615385, 'MATCH\n']
[10, 3, 0.3, 'MISMATCH\n']
[10, 2, 0.2, 'MISMATCH\n']
[12, 3, 0.25, 'MATCH\n']
[17, 5, 0.29411764705882354, 'MATCH\n']
[21, 8, 0.38095238095238093, 'MATCH\n']
[14, 7, 0.5, 'MISMATCH\n']
[22, 9, 0.4090909090909091, 'MATCH\n']
[22, 8, 0.36363636363636365, 'MISMATCH\n']
[9, 1, 0.1111111111111111, 'MISMATCH\n']
[23, 6, 0.2608695652173913, 'MISMATCH\n']
[11, 4, 0.36363636363636365, 'MISMATCH\n']
[16, 6, 0.375, 'MATCH\n']
[10, 3, 0.3, 'MATCH\n']
[7, 2, 0.2857142857142857, 'MATCH\n']
[4, 1, 0.25, 'MISMATCH\n']
[10, 4, 0.4, 'MISMATCH\n']
[13, 2, 0.15384615384615385, 'MATCH\n']
[17, 6, 0.35294117647058826, 'MATCH\n']
[13, 2, 0.15384615384615385, 'MATCH\n']
[11, 1, 0.09090909090909091, 'MISMATCH\n']
[11, 2, 0.18181818181818182, 'MATCH\n']
[22, 8, 0.36363636363636365, 'MATCH\n']
[18, 6, 0.3333333333333333, 'MATCH\n']
[19, 7, 0.3684210526315789, 'MATCH\n']
[18, 5, 0.2777777777777778, 'MISMATCH\n']
[20, 4, 0.2, 'MISMATCH\n']
[8, 1, 0.125, 'MATCH\n']
[19, 5, 0.2631578947368421, 'MATCH\n']
[16, 4, 0.25, 'MATCH\n']
[23, 9, 0.391304347826087, 'MATCH\n']
[21, 6, 0.2857142857142857, 'MATCH\n']
[14, 6, 0.42857142857142855, 'MISMATCH\n']
[22, 8, 0.36363636363636365, 'MATCH\n']
[22, 6, 0.2727272727272727, 'MISMATCH\n']
[19, 3, 0.15789473684210525, 'MATCH\n']
[9, 1, 0.1111111111111111, 'MISMATCH\n']
[12, 2, 0.16666666666666666, 'MATCH\n']
[23, 7, 0.30434782608695654, 'MATCH\n']
[23, 4, 0.17391304347826086, 'MISMATCH\n']
[6, 1, 0.16666666666666666, 'MISMATCH\n']
[18, 1, 0.05555555555555555, 'MATCH\n']
[12, 2, 0.16666666666666666, 'MATCH\n']
[6, 2, 0.3333333333333333, 'MATCH\n']
[6, 1, 0.16666666666666666, 'MISMATCH\n']
[19, 5, 0.2631578947368421, 'MATCH\n']
[14, 5, 0.35714285714285715, 'MATCH\n']
[17, 4, 0.23529411764705882, 'MATCH\n']
[11, 2, 0.18181818181818182, 'MISMATCH\n']
[19, 6, 0.3157894736842105, 'MATCH\n']
[13, 3, 0.23076923076923078, 'MATCH\n']
[16, 7, 0.4375, 'MATCH\n']
[16, 5, 0.3125, 'MATCH\n']
[17, 6, 0.35294117647058826, 'MISMATCH\n']
[14, 3, 0.21428571428571427, 'MISMATCH\n']
[17, 4, 0.23529411764705882, 'MATCH\n']
[26, 19, 0.7307692307692307, 'MATCH\n']
[8, 1, 0.125, 'MISMATCH\n']
[7, 1, 0.14285714285714285, 'MISMATCH\n']
[8, 0, 0.0, 'MATCH\n']
[7, 1, 0.14285714285714285, 'MATCH\n']
[12, 1, 0.08333333333333333, 'MATCH\n']
[19, 1, 0.05263157894736842, 'MISMATCH\n']
[18, 5, 0.2777777777777778, 'MISMATCH\n']
[10, 2, 0.2, 'MISMATCH\n']
[11, 4, 0.36363636363636365, 'MISMATCH\n']
[17, 1, 0.058823529411764705, 'MATCH\n']
[15, 3, 0.2, 'MATCH\n']
[9, 2, 0.2222222222222222, 'MISMATCH\n']
[17, 4, 0.23529411764705882, 'MATCH\n']
[5, 1, 0.2, 'MISMATCH\n']
[21, 7, 0.3333333333333333, 'MATCH\n']
[22, 8, 0.36363636363636365, 'MATCH\n']
[16, 3, 0.1875, 'MISMATCH\n']
[10, 1, 0.1, 'MISMATCH\n']
[21, 5, 0.23809523809523808, 'MATCH\n']
[13, 8, 0.6153846153846154, 'MATCH\n']
[19, 5, 0.2631578947368421, 'MATCH\n']
[22, 7, 0.3181818181818182, 'MATCH\n']
[21, 9, 0.42857142857142855, 'MATCH\n']
[4, 0, 0.0, 'MISMATCH\n']
[16, 3, 0.1875, 'MATCH\n']
[10, 1, 0.1, 'MISMATCH\n']
[11, 3, 0.2727272727272727, 'MATCH\n']
[11, 5, 0.45454545454545453, 'MATCH\n']
[19, 6, 0.3157894736842105, 'MATCH\n']
[9, 2, 0.2222222222222222, 'MATCH\n']
[21, 10, 0.47619047619047616, 'MATCH\n']
[10, 1, 0.1, 'MATCH\n']
[18, 6, 0.3333333333333333, 'MATCH\n']
[11, 2, 0.18181818181818182, 'MISMATCH\n']
[17, 2, 0.11764705882352941, 'MISMATCH\n']
[9, 1, 0.1111111111111111, 'MISMATCH\n']
[6, 2, 0.3333333333333333, 'MISMATCH\n']
[26, 7, 0.2692307692307692, 'MISMATCH\n']
[6, 0, 0.0, 'MISMATCH\n']
[10, 3, 0.3, 'MATCH\n']
[19, 6, 0.3157894736842105, 'MATCH\n']
[10, 2, 0.2, 'MISMATCH\n']
[12, 1, 0.08333333333333333, 'MATCH\n']
[4, 1, 0.25, 'MISMATCH\n']
[7, 3, 0.42857142857142855, 'MISMATCH\n']
[12, 2, 0.16666666666666666, 'MATCH\n']
[25, 19, 0.76, 'MATCH\n']
[4, 0, 0.0, 'MISMATCH\n']
[23, 9, 0.391304347826087, 'MATCH\n']
[6, 3, 0.5, 'MISMATCH\n']
[10, 3, 0.3, 'MATCH\n']
[18, 6, 0.3333333333333333, 'MATCH\n']
[18, 2, 0.1111111111111111, 'MATCH\n']
[24, 1, 0.041666666666666664, 'MISMATCH\n']
[16, 3, 0.1875, 'MISMATCH\n']
[15, 3, 0.2, 'MATCH\n']
[15, 3, 0.2, 'MATCH\n']
[28, 7, 0.25, 'MATCH\n']
[12, 6, 0.5, 'MATCH\n']
[24, 6, 0.25, 'MISMATCH\n']
[25, 8, 0.32, 'MATCH\n']
[21, 9, 0.42857142857142855, 'MATCH\n']
[20, 8, 0.4, 'MISMATCH\n']
[5, 1, 0.2, 'MISMATCH\n']
[13, 3, 0.23076923076923078, 'MATCH\n']
[19, 8, 0.42105263157894735, 'MATCH\n']
[32, 9, 0.28125, 'MATCH\n']
[11, 1, 0.09090909090909091, 'MISMATCH\n']
[20, 8, 0.4, 'MISMATCH\n']
[21, 11, 0.5238095238095238, 'MATCH\n']
[11, 1, 0.09090909090909091, 'MATCH\n']
[22, 8, 0.36363636363636365, 'MATCH\n']
[11, 3, 0.2727272727272727, 'MISMATCH\n']
[6, 0, 0.0, 'MISMATCH\n']
[22, 8, 0.36363636363636365, 'MATCH\n']
[10, 3, 0.3, 'MISMATCH\n']
[18, 7, 0.3888888888888889, 'MATCH\n']
[12, 2, 0.16666666666666666, 'MATCH\n']
[16, 7, 0.4375, 'MATCH\n']
[16, 5, 0.3125, 'MATCH\n']
[18, 5, 0.2777777777777778, 'MATCH\n']
[5, 2, 0.4, 'MISMATCH\n']
[13, 3, 0.23076923076923078, 'MISMATCH\n']
[9, 3, 0.3333333333333333, 'MATCH\n']
[10, 1, 0.1, 'MISMATCH\n']
[5, 0, 0.0, 'MISMATCH\n']
[17, 3, 0.17647058823529413, 'MATCH\n']
[7, 1, 0.14285714285714285, 'MISMATCH\n']
[18, 5, 0.2777777777777778, 'MATCH\n']
[13, 3, 0.23076923076923078, 'MISMATCH\n']
[14, 3, 0.21428571428571427, 'MATCH\n']
[11, 4, 0.36363636363636365, 'MATCH\n']
[15, 1, 0.06666666666666667, 'MATCH\n']
[16, 1, 0.0625, 'MATCH\n']
[16, 4, 0.25, 'MATCH\n']
[10, 5, 0.5, 'MATCH\n']
[6, 1, 0.16666666666666666, 'MISMATCH\n']
[23, 3, 0.13043478260869565, 'MATCH\n']
[5, 0, 0.0, 'MISMATCH\n']
[3, 0, 0.0, 'MISMATCH\n']
[33, 4, 0.12121212121212122, 'MATCH\n']
[9, 3, 0.3333333333333333, 'MISMATCH\n']
[6, 2, 0.3333333333333333, 'MISMATCH\n']
[17, 5, 0.29411764705882354, 'MATCH\n']
[16, 3, 0.1875, 'MATCH\n']
[11, 2, 0.18181818181818182, 'MISMATCH\n']
[34, 15, 0.4411764705882353, 'MATCH\n']
[24, 4, 0.16666666666666666, 'MATCH\n']
[13, 3, 0.23076923076923078, 'MATCH\n']
[13, 2, 0.15384615384615385, 'MATCH\n']
[12, 4, 0.3333333333333333, 'MATCH\n']
[14, 1, 0.07142857142857142, 'MATCH\n']
[23, 8, 0.34782608695652173, 'MATCH\n']
[6, 2, 0.3333333333333333, 'MISMATCH\n']
[19, 6, 0.3157894736842105, 'MATCH\n']
[9, 2, 0.2222222222222222, 'MISMATCH\n']
[10, 3, 0.3, 'MATCH\n']
[19, 6, 0.3157894736842105, 'MISMATCH\n']
[15, 3, 0.2, 'MATCH\n']
[26, 5, 0.19230769230769232, 'MATCH\n']
[19, 7, 0.3684210526315789, 'MATCH\n']
[9, 1, 0.1111111111111111, 'MISMATCH\n']
[19, 4, 0.21052631578947367, 'MATCH\n']
[17, 4, 0.23529411764705882, 'MISMATCH\n']
[16, 5, 0.3125, 'MISMATCH\n']
[8, 3, 0.375, 'MISMATCH\n']
[14, 2, 0.14285714285714285, 'MATCH\n']
[12, 1, 0.08333333333333333, 'MISMATCH\n']
[20, 2, 0.1, 'MATCH\n']
[12, 0, 0.0, 'MISMATCH\n']
[13, 0, 0.0, 'MATCH\n']
[8, 1, 0.125, 'MISMATCH\n']
[7, 2, 0.2857142857142857, 'MISMATCH\n']
[15, 5, 0.3333333333333333, 'MISMATCH\n']
[19, 3, 0.15789473684210525, 'MATCH\n']
[6, 3, 0.5, 'MISMATCH\n']
[18, 4, 0.2222222222222222, 'MATCH\n']
[16, 6, 0.375, 'MATCH\n']
[7, 2, 0.2857142857142857, 'MATCH\n']
[15, 5, 0.3333333333333333, 'MATCH\n']
[15, 5, 0.3333333333333333, 'MISMATCH\n']
[23, 10, 0.43478260869565216, 'MATCH\n']
[23, 10, 0.43478260869565216, 'MATCH\n']
[18, 4, 0.2222222222222222, 'MATCH\n']
[21, 6, 0.2857142857142857, 'MISMATCH\n']
[17, 0, 0.0, 'MISMATCH\n']
[27, 8, 0.2962962962962963, 'MATCH\n']
[6, 3, 0.5, 'MATCH\n']
[5, 1, 0.2, 'MISMATCH\n']
[11, 2, 0.18181818181818182, 'MISMATCH\n']
[9, 2, 0.2222222222222222, 'MISMATCH\n']
[19, 1, 0.05263157894736842, 'MATCH\n']
[8, 3, 0.375, 'MATCH\n']
[5, 2, 0.4, 'MISMATCH\n']
[14, 3, 0.21428571428571427, 'MATCH\n']
[19, 6, 0.3157894736842105, 'MISMATCH\n']
[23, 3, 0.13043478260869565, 'MISMATCH\n']
[13, 6, 0.46153846153846156, 'MISMATCH\n']
[11, 4, 0.36363636363636365, 'MISMATCH\n']
[21, 5, 0.23809523809523808, 'MATCH\n']
[10, 0, 0.0, 'MISMATCH\n']
[9, 4, 0.4444444444444444, 'MATCH\n']
[23, 9, 0.391304347826087, 'MATCH\n']
[12, 1, 0.08333333333333333, 'MISMATCH\n']
[20, 8, 0.4, 'MATCH\n']
[7, 2, 0.2857142857142857, 'MISMATCH\n']
[24, 7, 0.2916666666666667, 'MISMATCH\n']
[11, 4, 0.36363636363636365, 'MISMATCH\n']
[9, 3, 0.3333333333333333, 'MATCH\n']
[9, 3, 0.3333333333333333, 'MISMATCH\n']
[13, 2, 0.15384615384615385, 'MATCH\n']
[6, 1, 0.16666666666666666, 'MISMATCH\n']
[9, 3, 0.3333333333333333, 'MATCH\n']
[12, 2, 0.16666666666666666, 'MATCH\n']
[7, 0, 0.0, 'MISMATCH\n']
[14, 3, 0.21428571428571427, 'MATCH\n']
[17, 4, 0.23529411764705882, 'MATCH\n']
[12, 1, 0.08333333333333333, 'MATCH\n']
[26, 10, 0.38461538461538464, 'MISMATCH\n']
[17, 4, 0.23529411764705882, 'MATCH\n']
[13, 2, 0.15384615384615385, 'MATCH\n']
[21, 10, 0.47619047619047616, 'MATCH\n']
[26, 10, 0.38461538461538464, 'MATCH\n']
[15, 7, 0.4666666666666667, 'MATCH\n']
[17, 3, 0.17647058823529413, 'MISMATCH\n']
[4, 0, 0.0, 'MISMATCH\n']
[7, 1, 0.14285714285714285, 'MISMATCH\n']
[17, 4, 0.23529411764705882, 'MATCH\n']
[12, 4, 0.3333333333333333, 'MATCH\n']
[10, 2, 0.2, 'MATCH\n']
[8, 3, 0.375, 'MISMATCH\n']
[19, 8, 0.42105263157894735, 'MISMATCH\n']
[15, 5, 0.3333333333333333, 'MISMATCH\n']
[4, 1, 0.25, 'MISMATCH\n']
[12, 5, 0.4166666666666667, 'MISMATCH\n']
[13, 1, 0.07692307692307693, 'MATCH\n']
[22, 7, 0.3181818181818182, 'MISMATCH\n']
[9, 0, 0.0, 'MISMATCH\n']
[11, 3, 0.2727272727272727, 'MISMATCH\n']
[4, 2, 0.5, 'MISMATCH\n']
[13, 1, 0.07692307692307693, 'MISMATCH\n']
[19, 3, 0.15789473684210525, 'MATCH\n']
[13, 5, 0.38461538461538464, 'MATCH\n']
[22, 9, 0.4090909090909091, 'MATCH\n']
[10, 4, 0.4, 'MATCH\n']
[18, 3, 0.16666666666666666, 'MATCH\n']
[9, 1, 0.1111111111111111, 'MISMATCH\n']
[12, 1, 0.08333333333333333, 'MISMATCH\n']
[8, 2, 0.25, 'MATCH\n']
[18, 3, 0.16666666666666666, 'MATCH\n']
[4, 1, 0.25, 'MISMATCH\n']
[9, 1, 0.1111111111111111, 'MATCH\n']
[22, 8, 0.36363636363636365, 'MATCH\n']
[9, 2, 0.2222222222222222, 'MISMATCH\n']
[6, 3, 0.5, 'MISMATCH\n']
[19, 9, 0.47368421052631576, 'MATCH\n']
[21, 8, 0.38095238095238093, 'MATCH\n']
[21, 7, 0.3333333333333333, 'MATCH\n']
[21, 6, 0.2857142857142857, 'MATCH\n']
[5, 1, 0.2, 'MISMATCH\n']
[20, 8, 0.4, 'MATCH\n']
[7, 2, 0.2857142857142857, 'MISMATCH\n']
[10, 3, 0.3, 'MISMATCH\n']
[26, 6, 0.23076923076923078, 'MISMATCH\n']
[15, 4, 0.26666666666666666, 'MATCH\n']
[8, 1, 0.125, 'MISMATCH\n']
[12, 3, 0.25, 'MISMATCH\n']
[13, 3, 0.23076923076923078, 'MATCH\n']
[21, 9, 0.42857142857142855, 'MISMATCH\n']
[20, 9, 0.45, 'MATCH\n']
[8, 1, 0.125, 'MATCH\n']
[13, 2, 0.15384615384615385, 'MATCH\n']
[24, 3, 0.125, 'MATCH\n']
[18, 6, 0.3333333333333333, 'MATCH\n']
[26, 17, 0.6538461538461539, 'MATCH\n']
[15, 6, 0.4, 'MATCH\n']
[14, 5, 0.35714285714285715, 'MATCH\n']
[10, 0, 0.0, 'MISMATCH\n']
[16, 3, 0.1875, 'MATCH\n']
[12, 1, 0.08333333333333333, 'MISMATCH\n']
[16, 2, 0.125, 'MISMATCH\n']
[14, 3, 0.21428571428571427, 'MISMATCH\n']
[17, 7, 0.4117647058823529, 'MATCH\n']
[14, 6, 0.42857142857142855, 'MATCH\n']
[11, 6, 0.5454545454545454, 'MATCH\n']
[8, 1, 0.125, 'MISMATCH\n']
[13, 4, 0.3076923076923077, 'MATCH\n']
[18, 6, 0.3333333333333333, 'MATCH\n']
[13, 3, 0.23076923076923078, 'MISMATCH\n']
[9, 2, 0.2222222222222222, 'MISMATCH\n']
[19, 4, 0.21052631578947367, 'MATCH\n']
[9, 3, 0.3333333333333333, 'MISMATCH\n']
[9, 0, 0.0, 'MATCH\n']
[12, 4, 0.3333333333333333, 'MISMATCH\n']
[14, 7, 0.5, 'MATCH\n']
[34, 14, 0.4117647058823529, 'MATCH\n']
[41, 8, 0.1951219512195122, 'MISMATCH\n']
[10, 3, 0.3, 'MISMATCH\n']
[11, 4, 0.36363636363636365, 'MISMATCH\n']
[14, 3, 0.21428571428571427, 'MATCH\n']
[17, 7, 0.4117647058823529, 'MATCH\n']
[10, 2, 0.2, 'MATCH\n']
[12, 1, 0.08333333333333333, 'MATCH\n']
[20, 7, 0.35, 'MATCH\n']
[19, 6, 0.3157894736842105, 'MATCH\n']
[16, 3, 0.1875, 'MATCH\n']
[4, 1, 0.25, 'MISMATCH\n']
[6, 1, 0.16666666666666666, 'MISMATCH\n']
[12, 2, 0.16666666666666666, 'MATCH\n']
[12, 2, 0.16666666666666666, 'MISMATCH\n']
[12, 5, 0.4166666666666667, 'MATCH\n']
[11, 5, 0.45454545454545453, 'MATCH\n']
[6, 0, 0.0, 'MISMATCH\n']
[18, 6, 0.3333333333333333, 'MATCH\n']
[18, 3, 0.16666666666666666, 'MATCH\n']
[7, 2, 0.2857142857142857, 'MISMATCH\n']
[22, 4, 0.18181818181818182, 'MISMATCH\n']
[22, 10, 0.45454545454545453, 'MATCH\n']
[17, 3, 0.17647058823529413, 'MATCH\n']
[17, 6, 0.35294117647058826, 'MATCH\n']
[15, 4, 0.26666666666666666, 'MATCH\n']
[18, 6, 0.3333333333333333, 'MISMATCH\n']
[19, 9, 0.47368421052631576, 'MATCH\n']
[8, 3, 0.375, 'MISMATCH\n']
[18, 5, 0.2777777777777778, 'MATCH\n']
[19, 3, 0.15789473684210525, 'MISMATCH\n']
[14, 1, 0.07142857142857142, 'MISMATCH\n']
[16, 5, 0.3125, 'MATCH\n']
[21, 3, 0.14285714285714285, 'MATCH\n']
[17, 4, 0.23529411764705882, 'MATCH\n']
[22, 8, 0.36363636363636365, 'MATCH\n']
[14, 4, 0.2857142857142857, 'MATCH\n']
[10, 3, 0.3, 'MISMATCH\n']
[9, 1, 0.1111111111111111, 'MATCH\n']
[13, 3, 0.23076923076923078, 'MATCH\n']
[16, 4, 0.25, 'MATCH\n']
[6, 1, 0.16666666666666666, 'MATCH\n']
[17, 4, 0.23529411764705882, 'MISMATCH\n']
[10, 1, 0.1, 'MISMATCH\n']
[14, 2, 0.14285714285714285, 'MATCH\n']
[22, 8, 0.36363636363636365, 'MATCH\n']
[16, 2, 0.125, 'MATCH\n']
[21, 8, 0.38095238095238093, 'MISMATCH\n']
[4, 1, 0.25, 'MISMATCH\n']
[12, 3, 0.25, 'MISMATCH\n']
[26, 5, 0.19230769230769232, 'MATCH\n']
[10, 3, 0.3, 'MATCH\n']
[10, 3, 0.3, 'MISMATCH\n']
[9, 1, 0.1111111111111111, 'MISMATCH\n']
[34, 10, 0.29411764705882354, 'MISMATCH\n']
[19, 4, 0.21052631578947367, 'MISMATCH\n']
[18, 7, 0.3888888888888889, 'MATCH\n']
[20, 7, 0.35, 'MISMATCH\n']
[19, 9, 0.47368421052631576, 'MATCH\n']
[19, 5, 0.2631578947368421, 'MATCH\n']
[18, 6, 0.3333333333333333, 'MATCH\n']
[17, 3, 0.17647058823529413, 'MISMATCH\n']
[32, 3, 0.09375, 'MATCH\n']
[17, 6, 0.35294117647058826, 'MATCH\n']
[20, 5, 0.25, 'MATCH\n']
[12, 2, 0.16666666666666666, 'MATCH\n']
[6, 1, 0.16666666666666666, 'MISMATCH\n']
[12, 3, 0.25, 'MISMATCH\n']
[7, 3, 0.42857142857142855, 'MATCH\n']
[17, 6, 0.35294117647058826, 'MATCH\n']
[19, 2, 0.10526315789473684, 'MISMATCH\n']
[39, 8, 0.20512820512820512, 'MISMATCH\n']
[11, 5, 0.45454545454545453, 'MISMATCH\n']
[17, 5, 0.29411764705882354, 'MATCH\n']
[16, 5, 0.3125, 'MATCH\n']
[11, 1, 0.09090909090909091, 'MISMATCH\n']
[12, 6, 0.5, 'MATCH\n']
[7, 0, 0.0, 'MISMATCH\n']
[8, 3, 0.375, 'MATCH\n']
[7, 2, 0.2857142857142857, 'MISMATCH\n']
[4, 0, 0.0, 'MISMATCH\n']
[16, 0, 0.0, 'MISMATCH\n']
[16, 8, 0.5, 'MATCH\n']
[7, 2, 0.2857142857142857, 'MISMATCH\n']
[11, 4, 0.36363636363636365, 'MATCH\n']
[9, 1, 0.1111111111111111, 'MISMATCH\n']
[17, 2, 0.11764705882352941, 'MATCH\n']
[12, 3, 0.25, 'MISMATCH\n']
[9, 4, 0.4444444444444444, 'MISMATCH\n']
[35, 13, 0.37142857142857144, 'MATCH\n']
[35, 13, 0.37142857142857144, 'MATCH\n']
[17, 4, 0.23529411764705882, 'MATCH\n']
[7, 1, 0.14285714285714285, 'MATCH\n']
[10, 1, 0.1, 'MISMATCH\n']
[27, 6, 0.2222222222222222, 'MATCH\n']
[12, 2, 0.16666666666666666, 'MISMATCH\n']
[9, 3, 0.3333333333333333, 'MATCH\n']
[6, 0, 0.0, 'MISMATCH\n']
[13, 1, 0.07692307692307693, 'MATCH\n']
[21, 7, 0.3333333333333333, 'MISMATCH\n']
[4, 0, 0.0, 'MISMATCH\n']
[19, 8, 0.42105263157894735, 'MISMATCH\n']
[7, 1, 0.14285714285714285, 'MATCH\n']
[27, 13, 0.48148148148148145, 'MATCH\n']
[16, 4, 0.25, 'MATCH\n']
[25, 11, 0.44, 'MATCH\n']
[21, 9, 0.42857142857142855, 'MATCH\n']
[11, 5, 0.45454545454545453, 'MATCH\n']
[40, 13, 0.325, 'MATCH\n']
[6, 0, 0.0, 'MATCH\n']
[8, 4, 0.5, 'MISMATCH\n']
[23, 10, 0.43478260869565216, 'MATCH\n']
[10, 0, 0.0, 'MATCH\n']
[20, 3, 0.15, 'MISMATCH\n']
[22, 7, 0.3181818181818182, 'MATCH\n']
[9, 2, 0.2222222222222222, 'MATCH\n']
[10, 1, 0.1, 'MISMATCH\n']
[13, 4, 0.3076923076923077, 'MISMATCH\n']
[10, 2, 0.2, 'MATCH\n']
[21, 5, 0.23809523809523808, 'MISMATCH\n']
[23, 8, 0.34782608695652173, 'MATCH\n']
[17, 2, 0.11764705882352941, 'MISMATCH\n']
[12, 2, 0.16666666666666666, 'MATCH\n']
[10, 3, 0.3, 'MISMATCH\n']
[9, 0, 0.0, 'MISMATCH\n']
[4, 0, 0.0, 'MISMATCH\n']
[17, 2, 0.11764705882352941, 'MATCH\n']
[20, 6, 0.3, 'MATCH\n']
[22, 6, 0.2727272727272727, 'MATCH\n']
[10, 1, 0.1, 'MATCH\n']
[21, 9, 0.42857142857142855, 'MATCH\n']
[21, 6, 0.2857142857142857, 'MATCH\n']
[18, 4, 0.2222222222222222, 'MISMATCH\n']
[15, 5, 0.3333333333333333, 'MISMATCH\n']
[11, 3, 0.2727272727272727, 'MISMATCH\n']
[5, 1, 0.2, 'MISMATCH\n']
[6, 2, 0.3333333333333333, 'MATCH\n']
[15, 3, 0.2, 'MATCH\n']
[16, 3, 0.1875, 'MISMATCH\n']
[15, 4, 0.26666666666666666, 'MATCH\n']
[24, 10, 0.4166666666666667, 'MATCH\n']
[13, 2, 0.15384615384615385, 'MATCH\n']
[15, 1, 0.06666666666666667, 'MATCH\n']
[19, 4, 0.21052631578947367, 'MATCH\n']
[9, 1, 0.1111111111111111, 'MISMATCH\n']
[9, 5, 0.5555555555555556, 'MISMATCH\n']
[18, 7, 0.3888888888888889, 'MATCH\n']
[8, 2, 0.25, 'MATCH\n']
[13, 2, 0.15384615384615385, 'MISMATCH\n']
[20, 5, 0.25, 'MATCH\n']
[8, 3, 0.375, 'MISMATCH\n']
[26, 5, 0.19230769230769232, 'MISMATCH\n']
[9, 3, 0.3333333333333333, 'MATCH\n']
[13, 3, 0.23076923076923078, 'MISMATCH\n']
[18, 0, 0.0, 'MISMATCH\n']
[13, 4, 0.3076923076923077, 'MISMATCH\n']
[18, 5, 0.2777777777777778, 'MATCH\n']
[23, 12, 0.5217391304347826, 'MATCH\n']
[19, 7, 0.3684210526315789, 'MATCH\n']
[11, 2, 0.18181818181818182, 'MATCH\n']
[16, 6, 0.375, 'MATCH\n']
[14, 2, 0.14285714285714285, 'MISMATCH\n']
[10, 2, 0.2, 'MATCH\n']
[10, 2, 0.2, 'MATCH\n']
[8, 4, 0.5, 'MATCH\n']
[12, 2, 0.16666666666666666, 'MISMATCH\n']
[8, 2, 0.25, 'MISMATCH\n']
[12, 5, 0.4166666666666667, 'MATCH\n']
[24, 6, 0.25, 'MATCH\n']
[10, 0, 0.0, 'MISMATCH\n']
[16, 5, 0.3125, 'MATCH\n']
[10, 2, 0.2, 'MISMATCH\n']
[19, 4, 0.21052631578947367, 'MATCH\n']
[12, 6, 0.5, 'MATCH\n']
[13, 3, 0.23076923076923078, 'MISMATCH\n']
[12, 2, 0.16666666666666666, 'MISMATCH\n']
[11, 3, 0.2727272727272727, 'MISMATCH\n']
[11, 6, 0.5454545454545454, 'MATCH\n']
[18, 8, 0.4444444444444444, 'MATCH\n']
[15, 2, 0.13333333333333333, 'MATCH\n']
[10, 1, 0.1, 'MISMATCH\n']
[6, 2, 0.3333333333333333, 'MISMATCH\n']
[20, 4, 0.2, 'MISMATCH\n']
[9, 2, 0.2222222222222222, 'MISMATCH\n']
[16, 7, 0.4375, 'MATCH\n']
[19, 6, 0.3157894736842105, 'MATCH\n']
[14, 4, 0.2857142857142857, 'MATCH\n']
[17, 6, 0.35294117647058826, 'MATCH\n']
[22, 4, 0.18181818181818182, 'MISMATCH\n']
[33, 16, 0.48484848484848486, 'MATCH\n']
[4, 0, 0.0, 'MISMATCH\n']
[5, 1, 0.2, 'MISMATCH\n']
[7, 1, 0.14285714285714285, 'MISMATCH\n']
[16, 2, 0.125, 'MATCH\n']
[9, 2, 0.2222222222222222, 'MISMATCH\n']
[13, 2, 0.15384615384615385, 'MISMATCH\n']
[11, 3, 0.2727272727272727, 'MATCH\n']
[17, 1, 0.058823529411764705, 'MISMATCH\n']
[7, 2, 0.2857142857142857, 'MISMATCH\n']
[16, 3, 0.1875, 'MATCH\n']
[9, 1, 0.1111111111111111, 'MATCH\n']
[10, 3, 0.3, 'MATCH\n']
[18, 7, 0.3888888888888889, 'MATCH\n']
[12, 2, 0.16666666666666666, 'MATCH\n']
[7, 4, 0.5714285714285714, 'MATCH\n']
[17, 6, 0.35294117647058826, 'MATCH\n']
[9, 3, 0.3333333333333333, 'MISMATCH\n']
[7, 1, 0.14285714285714285, 'MATCH\n']
[10, 3, 0.3, 'MATCH\n']
[23, 3, 0.13043478260869565, 'MATCH\n']
[19, 6, 0.3157894736842105, 'MATCH\n']
[10, 4, 0.4, 'MISMATCH\n']
[11, 2, 0.18181818181818182, 'MATCH\n']
[15, 2, 0.13333333333333333, 'MATCH\n']
[43, 19, 0.4418604651162791, 'MATCH\n']
[10, 3, 0.3, 'MATCH\n']
[12, 2, 0.16666666666666666, 'MATCH\n']
[19, 6, 0.3157894736842105, 'MATCH\n']
[19, 7, 0.3684210526315789, 'MATCH\n']
[19, 8, 0.42105263157894735, 'MATCH\n']
[14, 4, 0.2857142857142857, 'MATCH\n']
[24, 3, 0.125, 'MATCH\n']
[10, 1, 0.1, 'MISMATCH\n']
[6, 1, 0.16666666666666666, 'MISMATCH\n']
[13, 9, 0.6923076923076923, 'MATCH\n']
[26, 11, 0.4230769230769231, 'MISMATCH\n']
[20, 7, 0.35, 'MISMATCH\n']
[6, 1, 0.16666666666666666, 'MISMATCH\n']
[25, 10, 0.4, 'MATCH\n']
[11, 1, 0.09090909090909091, 'MISMATCH\n']
[19, 5, 0.2631578947368421, 'MISMATCH\n']
[9, 0, 0.0, 'MISMATCH\n']
[10, 1, 0.1, 'MISMATCH\n']
[34, 14, 0.4117647058823529, 'MATCH\n']
[12, 2, 0.16666666666666666, 'MATCH\n']
[22, 9, 0.4090909090909091, 'MATCH\n']
[17, 6, 0.35294117647058826, 'MATCH\n']
[9, 1, 0.1111111111111111, 'MATCH\n']
[5, 1, 0.2, 'MISMATCH\n']
[15, 3, 0.2, 'MATCH\n']
[4, 0, 0.0, 'MISMATCH\n']
[15, 5, 0.3333333333333333, 'MATCH\n']
[35, 18, 0.5142857142857142, 'MATCH\n']
[9, 5, 0.5555555555555556, 'MATCH\n']
[20, 6, 0.3, 'MATCH\n']
[16, 2, 0.125, 'MATCH\n']
[29, 10, 0.3448275862068966, 'MISMATCH\n']
[12, 3, 0.25, 'MISMATCH\n']
